--------------------------------------
0.0235115         0  0.999724
        0         1         0
-0.999724         0 0.0235115
0.000275994
-1.31003e-05
1
1.00284
86.1318
0
1.00263
0.0345368         0  0.999403
        0         1         0
-0.999403         0 0.0345368
0.000449434
0.0001557
1
1.01596
58.9863
0
1.01551
0.0370468         0 -0.999314
        0         1         0
 0.999314         0 0.0370468
0.000135905
0.000823311
1
1.06044
55.4785
0
-1.0599
0.0199163         0  0.999802
        0         1         0
-0.999802         0 0.0199163
-0.000894629
-0.000534504
0.999999
0.926528
93.0251
0
0.926391
0.0241817         0  0.999708
        0         1         0
-0.999708         0 0.0241817
-2.13964e-05
-0.000327843
1
0.985475
82.0527
0
0.985257
[1, 0, 0, 0;
  0, 1, 0, 0;
  0, 0, 1, 0]
[1, 0, 0, 0;
  0, 1, 0, 0;
  0, 0, 1, 0]
[1, 0, 0, 0;
  0, 1, 0, 0;
  0, 0, 1, 0]
[0.99999535, -0.0028149092, -0.001189788, 0.17539364;
  0.0028187695, 0.99999076, 0.0032550085, -0.0048953388;
  0.001180683, -0.0032583459, 0.99999398, -0.0062881857]
[0.99999535, -0.0028149092, -0.001189788, 0.17539364;
  0.0028187695, 0.99999076, 0.0032550085, -0.0048953388;
  0.001180683, -0.0032583459, 0.99999398, -0.0062881857]
[0.9999401, 0.0032200126, -0.010477264, 0.14040466;
  -0.0031832056, 0.99998885, 0.0035265086, -0.0024669445;
  0.01048852, -0.0034929435, 0.99993896, -0.0096888989]
[0.9999401, 0.0032200126, -0.010477264, 0.14040466;
  -0.0031832056, 0.99998885, 0.0035265086, -0.0024669445;
  0.01048852, -0.0034929435, 0.99993896, -0.0096888989]
[0.99994463, -0.00087017228, -0.01049571, 0.14833853;
  0.00086784555, 0.99999976, -0.00022604095, -0.0012228937;
  0.010496026, 0.0002169073, 0.99994493, -0.010376327]
[0.99994463, -0.00087017228, -0.01049571, 0.14833853;
  0.00086784555, 0.99999976, -0.00022604095, -0.0012228937;
  0.010496026, 0.0002169073, 0.99994493, -0.010376327]
[0.99992794, -0.00085667457, -0.011961177, 0.14469363;
  0.00085413642, 0.99999928, -0.00021748955, 0.0038334879;
  0.011961267, 0.00020726371, 0.99992824, -0.0079974607]
[0.99992794, -0.00085667457, -0.011961177, 0.14469363;
  0.00085413642, 0.99999928, -0.00021748955, 0.0038334879;
  0.011961267, 0.00020726371, 0.99992824, -0.0079974607]
[0.99977088, 0.00040069589, -0.021396402, 0.16791841;
  -0.00063136691, 0.99994153, -0.010775674, 0.011539873;
  0.021390805, 0.010786699, 0.99971288, -0.0082870722]
0.0232997         0  0.999729
        0         1         0
-0.999729         0 0.0232997
-0.000545005
0.000127629
1
0.976414
83.1022
0
0.976216
0.0280568         0  0.999606
        0         1         0
-0.999606         0 0.0280568
8.80297e-05
7.94235e-05
1
1.00584
71.6524
0
1.00554
0.0291583         0  0.999575
        0         1         0
-0.999575         0 0.0291583
-0.000209378
5.64164e-05
1
0.987659
67.7751
0
0.987344
[0.99977088, 0.00040069589, -0.021396402, 0.16791841;
  -0.00063136691, 0.99994153, -0.010775674, 0.011539873;
  0.021390805, 0.010786699, 0.99971288, -0.0082870722]
[1, 0, 0, 0;
  0, 1, 0, 0;
  0, 0, 1, 0]
[1, 0, 0, 0;
  0, 1, 0, 0;
  0, 0, 1, 0]
[0.99992722, 0.0031744807, -0.011614517, 0;
  -0.0032104636, 0.99998993, -0.0030832139, 0;
  0.011604763, 0.0031202571, 0.99992764, 0]
[0.99992722, 0.0031744807, -0.011614517, 0;
  -0.0032104636, 0.99998993, -0.0030832139, 0;
  0.011604763, 0.0031202571, 0.99992764, 0]
[0.99988627, -0.0013501366, -0.015010667, 0;
  0.0012942796, 0.99999201, -0.0037323392, 0;
  0.015015717, 0.0037124851, 0.99988019, 0]
[0.99988627, -0.0013501366, -0.015010667, 0;
  0.0012942796, 0.99999201, -0.0037323392, 0;
  0.015015717, 0.0037124851, 0.99988019, 0]
[0.99963081, 0.0027598741, -0.027044598, 0;
  -0.0021400435, 0.99973536, 0.022920098, 0;
  0.027100664, -0.022853767, 0.99937177, 0]
--------------------------------------
0.0230511         0  0.999734
        0         1         0
-0.999734         0 0.0230511
0.000169734
-5.70575e-05
1
1.00577
87.6007
0
1.00557
0.0302543         0  0.999542
        0         1         0
-0.999542         0 0.0302543
-3.12121e-05
-0.000249887
1
1.00036
66.0445
0
1.00002
0.0331416         0  0.999451
        0         1         0
-0.999451         0 0.0331416
0.000394075
0.000157688
1
1.02962
61.7892
0
1.02919
0.0306645         0   0.99953
        0         1         0
 -0.99953         0 0.0306645
0.000322703
-5.22615e-05
1
0.998356
65.7586
0
0.998001
0.0262505         0  0.999655
        0         1         0
-0.999655         0 0.0262505
4.31662e-05
-0.000165044
1
0.995047
76.1083
0
0.994789
[1, 0, 0, 0;
  0, 1, 0, 0;
  0, 0, 1, 0]
[1, 0, 0, 0;
  0, 1, 0, 0;
  0, 0, 1, 0]
[1, 0, 0, 0;
  0, 1, 0, 0;
  0, 0, 1, 0]
[0.99999553, -0.0028294832, -0.0011312711, 0.17531212;
  0.0028332861, 0.9999904, 0.0033650966, -0.0050038467;
  0.0011216954, -0.0033682706, 0.99999386, -0.0063332468]
[0.99999553, -0.0028294832, -0.0011312711, 0.17531212;
  0.0028332861, 0.9999904, 0.0033650966, -0.0050038467;
  0.0011216954, -0.0033682706, 0.99999386, -0.0063332468]
[0.9999404, 0.003231803, -0.010455176, 0.14039007;
  -0.0031964676, 0.99998933, 0.0033939618, -0.0023307835;
  0.010466052, -0.0033603269, 0.9999398, -0.0096576214]
[0.9999404, 0.003231803, -0.010455176, 0.14039007;
  -0.0031964676, 0.99998933, 0.0033939618, -0.0023307835;
  0.010466052, -0.0033603269, 0.9999398, -0.0096576214]
[0.99994606, -0.0010353727, -0.010319725, 0.14795037;
  0.0010524644, 0.99999785, 0.0016481077, -0.0031579835;
  0.010318069, -0.0016588661, 0.99994522, -0.010695845]
[0.99994606, -0.0010353727, -0.010319725, 0.14795037;
  0.0010524644, 0.99999785, 0.0016481077, -0.0031579835;
  0.010318069, -0.0016588661, 0.99994522, -0.010695845]
[0.99992961, -0.00087613956, -0.011811897, 0.14450431;
  0.00087677548, 0.9999994, 4.79421e-05, 0.0035575905;
  0.011811958, -5.8299855e-05, 0.99993002, -0.0080224648]
[0.99992961, -0.00087613956, -0.011811897, 0.14450431;
  0.00087677548, 0.9999994, 4.79421e-05, 0.0035575905;
  0.011811958, -5.8299855e-05, 0.99993002, -0.0080224648]
[0.99990135, -0.0013600069, -0.013964646, 0.15910284;
  0.0012769288, 0.99998128, -0.0059569702, 0.0062730312;
  0.013972392, 0.0059385491, 0.99988455, -0.0082762986]
0.0328743         0  0.999459
        0         1         0
-0.999459         0 0.0328743
0.000506792
-0.000219875
1
0.994164
61.5162
0
0.993756
0.0219036         0   0.99976
        0         1         0
 -0.99976         0 0.0219036
-0.000280082
-0.000371904
1
0.977254
89.2152
0
0.977078
0.0291583         0  0.999575
        0         1         0
-0.999575         0 0.0291583
-0.000209378
5.64164e-05
1
0.987659
67.7751
0
0.987344
[0.99990135, -0.0013600069, -0.013964646, 0.15910284;
  0.0012769288, 0.99998128, -0.0059569702, 0.0062730312;
  0.013972392, 0.0059385491, 0.99988455, -0.0082762986]
[1, 0, 0, 0;
  0, 1, 0, 0;
  0, 0, 1, 0]
[1, 0, 0, 0;
  0, 1, 0, 0;
  0, 0, 1, 0]
[0.99992925, 0.003169674, -0.011499214, 0;
  -0.0032048146, 0.99999058, -0.0030383968, 0;
  0.011489331, 0.0030750358, 0.99992973, 0]
[0.99992925, 0.003169674, -0.011499214, 0;
  -0.0032048146, 0.99999058, -0.0030383968, 0;
  0.011489331, 0.0030750358, 0.99992973, 0]
[0.99988765, -0.0013571612, -0.01492593, 0;
  0.0013032013, 0.99999261, -0.0036252823, 0;
  0.014930558, 0.0036054268, 0.99988216, 0]
[0.99988765, -0.0013571612, -0.01492593, 0;
  0.0013032013, 0.99999261, -0.0036252823, 0;
  0.014930558, 0.0036054268, 0.99988216, 0]
[0.99963081, 0.0027598741, -0.027044598, 0;
  -0.0021400435, 0.99973536, 0.022920098, 0;
  0.027100664, -0.022853767, 0.99937177, 0]
0.029488        0 0.999565
       0        1        0
-0.999565        0 0.029488
-0.000101222
-0.000537965
1
0.974267
66.9869
0
0.973946
0.0284668         0  0.999595
        0         1         0
-0.999595         0 0.0284668
-0.00147915
-0.000470355
0.999999
1.0214
68.1114
0
1.0211
0.0218314         0  0.999762
        0         1         0
-0.999762         0 0.0218314
-0.00115181
-1.25503e-05
0.999999
0.939328
85.5259
0
0.939161
0.0276553         0  0.999618
        0         1         0
-0.999618         0 0.0276553
0.000861247
-0.000644181
0.999999
1.00517
74.4992
0
1.00488
0.0185733         0  0.999828
        0         1         0
-0.999828         0 0.0185733
-0.00101648
-0.00016164
0.999999
0.930357
99.3459
0
0.930238
[0.99963081, 0.0027598741, -0.027044598, 0;
  -0.0021400435, 0.99973536, 0.022920098, 0;
  0.027100664, -0.022853767, 0.99937177, 0]
[1, 0, 0, 0;
  0, 1, 0, 0;
  0, 0, 1, 0]
[1, 0, 0, 0;
  0, 1, 0, 0;
  0, 0, 1, 0]
[0.99997288, -0.00029841746, -0.0073365006, 0;
  0.00029981358, 0.99999988, 0.00019129206, 0;
  0.0073365229, -0.00019348648, 0.99997288, 0]
[0.99997288, -0.00029841746, -0.0073365006, 0;
  0.00029981358, 0.99999988, 0.00019129206, 0;
  0.0073365229, -0.00019348648, 0.99997288, 0]
[0.99941462, -0.0066637071, 0.033553697, 0;
  0.0073810127, 0.99974597, -0.021299446, 0;
  -0.033403289, 0.021534609, 0.99920994, 0]
[0.99941462, -0.0066637071, 0.033553697, 0;
  0.0073810127, 0.99974597, -0.021299446, 0;
  -0.033403289, 0.021534609, 0.99920994, 0]
[0.99995357, -0.0087700402, 0.0040244781, 0;
  0.0087651359, 0.9999609, 0.0012333865, 0;
  -0.0040350789, -0.0011980404, 0.9999913, 0]
[0.99995357, -0.0087700402, 0.0040244781, 0;
  0.0087651359, 0.9999609, 0.0012333865, 0;
  -0.0040350789, -0.0011980404, 0.9999913, 0]
[0.91913182, -0.11606444, 0.37646574, 0;
  0.12573953, 0.99206281, -0.0011369924, 0;
  -0.37334552, 0.048381574, 0.92643028, 0]
[0.91913182, -0.11606444, 0.37646574, 0;
  0.12573953, 0.99206281, -0.0011369924, 0;
  -0.37334552, 0.048381574, 0.92643028, 0]
[0.99917948, 0.0075872401, -0.039782021, 0;
  -0.0073041492, 0.99994695, 0.0072569349, 0;
  0.039834984, -0.0069604432, 0.99918199, 0]
0.0274329         0  0.999624
        0         1         0
-0.999624         0 0.0274329
-0.000108179
-0.00015084
1
1.0011
72.6776
0
1.00082
0.0264649         0   0.99965
        0         1         0
 -0.99965         0 0.0264649
-3.05385e-05
4.60297e-05
1
1.01828
76.0905
0
1.01802
0.025811        0 0.999667
       0        1        0
-0.999667        0 0.025811
-0.00028528
-0.000140821
1
0.994192
76.4506
0
0.993945
0.0207285         0  0.999785
        0         1         0
-0.999785         0 0.0207285
-0.00055369
-5.94198e-05
1
1.00766
94.6071
0
1.0075
0.0415366         0  0.999137
        0         1         0
-0.999137         0 0.0415366
0.0291751
-0.0352091
0.998954
1.2264
51.6281
0
1.22569
[0.99917948, 0.0075872401, -0.039782021, 0;
  -0.0073041492, 0.99994695, 0.0072569349, 0;
  0.039834984, -0.0069604432, 0.99918199, 0]
[1, 0, 0, 0;
  0, 1, 0, 0;
  0, 0, 1, 0]
[1, 0, 0, 0;
  0, 1, 0, 0;
  0, 0, 1, 0]
[0.99976212, 0.00034666137, -0.021809448, 0;
  -0.00037413323, 0.99999923, -0.0012560093, 0;
  0.021809043, 0.0012638748, 0.99976152, 0]
[0.99976212, 0.00034666137, -0.021809448, 0;
  -0.00037413323, 0.99999923, -0.0012560093, 0;
  0.021809043, 0.0012638748, 0.99976152, 0]
[0.99966216, -0.00013830727, -0.025995772, 0;
  4.8545782e-05, 0.99999404, -0.0034524519, 0;
  0.025996014, 0.0034500035, 0.99965632, 0]
[0.99966216, -0.00013830727, -0.025995772, 0;
  4.8545782e-05, 0.99999404, -0.0034524519, 0;
  0.025996014, 0.0034500035, 0.99965632, 0]
[0.99992615, -9.4794428e-05, -0.012151742, 0;
  0.00012856378, 0.99999619, 0.0027818144, 0;
  0.012151652, -0.002783159, 0.99992228, 0]
[0.99992615, -9.4794428e-05, -0.012151742, 0;
  0.00012856378, 0.99999619, 0.0027818144, 0;
  0.012151652, -0.002783159, 0.99992228, 0]
[0.99998724, -0.0050182822, -0.00019865562, 0;
  0.0050186762, 0.9999851, 0.0020931757, 0;
  0.00018819216, -0.0020940467, 0.99999768, 0]
[0.99998724, -0.0050182822, -0.00019865562, 0;
  0.0050186762, 0.9999851, 0.0020931757, 0;
  0.00018819216, -0.0020940467, 0.99999768, 0]
[0.99934, -0.0025576574, -0.036231391, 0;
  0.0025075895, 0.99999583, -0.0014273109, 0;
  0.036235102, 0.001335507, 0.99934226, 0]
