--------------------------------------
--------------------------------------
 0.807651         0 -0.589661
        0         1         0
 0.589661         0  0.807651
-0.00153869
0.00118552
0.999998
0.999802
1.30373
0
-0.660984
 0.710662         0 -0.703534
        0         1         0
 0.703534         0  0.710662
-0.000332142
-0.00100383
0.999999
1.00302
1.83086
0
-0.764745
 0.828049         0 -0.560655
        0         1         0
 0.560655         0  0.828049
-0.0034044
-0.000315275
0.999994
0.995273
1.19716
0
-0.630708
 0.788962         0 -0.614442
        0         1         0
 0.614442         0  0.788962
-0.00184734
0.000363152
0.999998
0.999839
1.40202
0
-0.683451
 0.676876         0 -0.736097
        0         1         0
 0.736097         0  0.676876
-0.00120847
-0.00102819
0.999999
1.00188
2.03174
0
-0.791462
[1, 0, 0, 0;
  0, 1, 0, 0;
  0, 0, 1, 0]
[1, 0, 0, 0;
  0, 1, 0, 0;
  0, 0, 1, 0]
[1, 0, 0, 0;
  0, 1, 0, 0;
  0, 0, 1, 0]
[0.99999887, 0.00088365341, 0.00053893821, -0.0041249255;
  -0.00088390417, 0.99999923, 0.00051563949, -0.00129096;
  -0.00053838716, -0.0005161647, 0.99999923, -6.4913882e-05]
[0.99999887, 0.00088365341, 0.00053893821, -0.0041249255;
  -0.00088390417, 0.99999923, 0.00051563949, -0.00129096;
  -0.00053838716, -0.0005161647, 0.99999923, -6.4913882e-05]
[0.99999976, -0.00072807417, 0.00019360206, 0.0018565825;
  0.00072842225, 0.99999946, -0.0011148846, -0.0016686878;
  -0.00019272312, 0.0011149737, 0.99999952, 0.002071436]
[0.99999976, -0.00072807417, 0.00019360206, 0.0018565825;
  0.00072842225, 0.99999946, -0.0011148846, -0.0016686878;
  -0.00019272312, 0.0011149737, 0.99999952, 0.002071436]
[0.99999708, 0.0021146652, 0.00057608617, -0.0036251568;
  -0.0021155418, 0.99999607, 0.0014083014, -0.0028564783;
  -0.00057303073, -0.0014097432, 0.99999833, -0.0003366241]
[0.99999708, 0.0021146652, 0.00057608617, -0.0036251568;
  -0.0021155418, 0.99999607, 0.0014083014, -0.0028564783;
  -0.00057303073, -0.0014097432, 0.99999833, -0.0003366241]
[0.99999964, 0.00043785101, -0.0010087882, -0.0031589693;
  -0.00043763677, 1.0000002, 0.00017478003, -0.00064395159;
  0.0010090115, -0.00017435696, 1, 0.00050105219]
[0.99999964, 0.00043785101, -0.0010087882, -0.0031589693;
  -0.00043763677, 1.0000002, 0.00017478003, -0.00064395159;
  0.0010090115, -0.00017435696, 1, 0.00050105219]
[0.99999946, -0.00046908626, 0.00034172231, 0.002477257;
  0.00046911582, 0.99999934, -0.0001510069, -0.00042550798;
  -0.00034163063, 0.00015107098, 0.99999952, 0.001570395]
 0.811536         0 -0.584302
        0         1         0
 0.584302         0  0.811536
-0.00125569
-0.000382868
0.999999
0.99885
1.28254
0
-0.655424
0.973065        0  0.23053
       0        1        0
-0.23053        0 0.973065
0.775963
-0.585611
-0.234397
0.998122
-0.372726
0
-0.292483
0.768041        0  -0.6404
       0        1        0
  0.6404        0 0.768041
-0.00146298
0.000132201
0.999999
0.999939
1.51258
0
-0.706829
 0.872409         0 -0.488776
        0         1         0
 0.488776         0  0.872409
0.00159715
-0.0021518
0.999996
1.0013
0.965625
0
-0.567736
 0.828954         0 -0.559317
        0         1         0
 0.559317         0  0.828954
-0.00149798
-0.000460555
0.999999
0.999408
1.193
0
-0.632742
 0.986828         0 -0.161772
        0         1         0
 0.161772         0  0.986828
0.00965008
-0.00173408
0.999952
1.0008
0.248372
0
-0.213492
   0.8133         0 -0.581844
        0         1         0
 0.581844         0    0.8133
-0.00203568
0.000850964
0.999998
0.997487
1.27411
0
-0.651949
0.893359        0 0.449343
       0        1        0
-0.449343        0 0.893359
-0.00104167
0.00374218
0.999992
0.994506
0.857805
0
0.523526
 0.693994         0 -0.719981
        0         1         0
 0.719981         0  0.693994
-0.000346527
-0.000809772
1
1.00554
1.9296
0
-0.781026
0.865349        0 -0.50117
       0        1        0
 0.50117        0 0.865349
0.000231729
-0.00082738
1
1.0018
1.00375
0
-0.579818
[0.99999946, -0.00046908626, 0.00034172231, 0.002477257;
  0.00046911582, 0.99999934, -0.0001510069, -0.00042550798;
  -0.00034163063, 0.00015107098, 0.99999952, 0.001570395]
[1, 0, 0, 0;
  0, 1, 0, 0;
  0, 0, 1, 0]
[1, 0, 0, 0;
  0, 1, 0, 0;
  0, 0, 1, 0]
[0.99999982, -1.0432174e-05, 0.00018503219, 0.0043028882;
  1.0323945e-05, 0.99999988, 0.0005098363, -0.00020926932;
  -0.00018495851, -0.00050984963, 0.9999997, 0.00099485903]
[0.99999982, -1.0432174e-05, 0.00018503219, 0.0043028882;
  1.0323945e-05, 0.99999988, 0.0005098363, -0.00020926932;
  -0.00018495851, -0.00050984963, 0.9999997, 0.00099485903]
[0.99999881, 0.0017735969, 0.00016002762, -0.0083078323;
  -0.0017737494, 0.99999827, 0.00070723676, -0.0032242252;
  -0.00015893485, -0.00070755946, 0.99999982, 0.0018794306]
[0.99999881, 0.0017735969, 0.00016002762, -0.0083078323;
  -0.0017737494, 0.99999827, 0.00070723676, -0.0032242252;
  -0.00015893485, -0.00070755946, 0.99999982, 0.0018794306]
[0.99999964, -0.00092239492, 0.00067583291, 0.0042646672;
  0.0009232575, 0.9999994, -0.0011764687, -0.0030577974;
  -0.00067461096, 0.001177276, 0.99999958, 0.0023043414]
[0.99999964, -0.00092239492, 0.00067583291, 0.0042646672;
  0.0009232575, 0.9999994, -0.0011764687, -0.0030577974;
  -0.00067461096, 0.001177276, 0.99999958, 0.0023043414]
[0.9999994, 0.0011097875, -0.0010428878, -0.0032291459;
  -0.0011094675, 0.99999976, 0.00036467769, -0.00088672782;
  0.0010433127, -0.00036373411, 0.99999964, 0.00054298498]
[0.9999994, 0.0011097875, -0.0010428878, -0.0032291459;
  -0.0011094675, 0.99999976, 0.00036467769, -0.00088672782;
  0.0010433127, -0.00036373411, 0.99999964, 0.00054298498]
[0.99999958, 0.00033086736, 0.00046677489, 0.0073185372;
  -0.00033096204, 0.9999997, 0.00022710364, -0.00091446261;
  -0.00046669212, -0.00022700742, 0.99999952, -0.00063644856]
--------------------------------------
 0.777742         0 -0.628584
        0         1         0
 0.628584         0  0.777742
-0.000989241
0.000953702
0.999999
1.00081
1.46049
0
-0.697076
 0.690341         0 -0.723484
        0         1         0
 0.723484         0  0.690341
0.000801959
-0.000668814
0.999999
1.00509
1.94834
0
-0.783799
 0.801392         0 -0.598139
        0         1         0
 0.598139         0  0.801392
-0.00263646
-0.00063133
0.999996
0.998487
1.33694
0
-0.667544
 0.794541         0 -0.607211
        0         1         0
 0.607211         0  0.794541
-0.00181401
0.000512433
0.999998
0.999823
1.37264
0
-0.676913
 0.737123         0 -0.675759
        0         1         0
 0.675759         0  0.737123
-0.00119474
-2.09569e-05
0.999999
0.99993
1.68054
0
-0.737994
[1, 0, 0, 0;
  0, 1, 0, 0;
  0, 0, 1, 0]
[1, 0, 0, 0;
  0, 1, 0, 0;
  0, 0, 1, 0]
[1, 0, 0, 0;
  0, 1, 0, 0;
  0, 0, 1, 0]
[0.99999982, 0.00060051144, 0.000548204, 0.0040214211;
  -0.00060071459, 0.99999988, 0.00030256924, 0.00085266726;
  -0.00054802006, -0.0003030092, 1, -5.3415773e-05]
[0.99999982, 0.00060051144, 0.000548204, 0.0040214211;
  -0.00060071459, 0.99999988, 0.00030256924, 0.00085266726;
  -0.00054802006, -0.0003030092, 1, -5.3415773e-05]
[0.99999952, -0.00057820952, -0.00038489242, 0.0013241372;
  0.00057782221, 0.99999887, -0.0012104573, -0.0017493636;
  0.00038550785, 0.0012102495, 0.99999887, 0.0020250645]
[0.99999952, -0.00057820952, -0.00038489242, 0.0013241372;
  0.00057782221, 0.99999887, -0.0012104573, -0.0017493636;
  0.00038550785, 0.0012102495, 0.99999887, 0.0020250645]
[0.99999797, 0.0018843368, 0.00024940149, -0.0034265011;
  -0.0018846173, 0.99999732, 0.0010446223, -0.0023483962;
  -0.00024740642, -0.0010451236, 0.99999899, 3.2423472e-05]
[0.99999797, 0.0018843368, 0.00024940149, -0.0034265011;
  -0.0018846173, 0.99999732, 0.0010446223, -0.0023483962;
  -0.00024740642, -0.0010451236, 0.99999899, 3.2423472e-05]
[0.99999857, 0.00050435012, -0.0014726784, -0.002795212;
  -0.00050413201, 0.99999982, 0.00013654064, -0.00080952555;
  0.0014728098, -0.00013573666, 0.99999911, 0.0006586801]
[0.99999857, 0.00050435012, -0.0014726784, -0.002795212;
  -0.00050413201, 0.99999982, 0.00013654064, -0.00080952555;
  0.0014728098, -0.00013573666, 0.99999911, 0.0006586801]
[0.99999976, -0.00048312877, 0.00038529019, 0.0024969836;
  0.00048322149, 0.99999976, -0.00023677293, -0.00050785486;
  -0.00038520637, 0.00023691017, 0.99999988, 0.0017344491]
--------------------------------------
 0.864517         0 -0.502603
        0         1         0
 0.502603         0  0.864517
-0.00288224
0.00152137
0.999995
0.996787
1.00987
0
-0.576996
 0.795503         0 -0.605949
        0         1         0
 0.605949         0  0.795503
-0.00141357
-0.00115131
0.999998
1.00083
1.36784
0
-0.676585
 0.771498         0 -0.636232
        0         1         0
 0.636232         0  0.771498
-0.00228696
-0.00094764
0.999997
0.999893
1.49526
0
-0.702959
   0.7729         0 -0.634527
        0         1         0
 0.634527         0    0.7729
-0.00244247
-0.000236161
0.999997
1.00055
1.48852
0
-0.701924
 0.698415         0 -0.715693
        0         1         0
 0.715693         0  0.698415
-0.000628673
-0.00069745
1
1.00171
1.90133
0
-0.77405
[1, 0, 0, 0;
  0, 1, 0, 0;
  0, 0, 1, 0]
[1, 0, 0, 0;
  0, 1, 0, 0;
  0, 0, 1, 0]
[1, 0, 0, 0;
  0, 1, 0, 0;
  0, 0, 1, 0]
[0.99999893, 0.00090494659, 0.00068431912, -0.0039532683;
  -0.0009052587, 0.99999887, 0.00059541949, -0.0013105533;
  -0.00068373402, -0.00059608789, 0.99999923, -0.00023337069]
[0.99999893, 0.00090494659, 0.00068431912, -0.0039532683;
  -0.0009052587, 0.99999887, 0.00059541949, -0.0013105533;
  -0.00068373402, -0.00059608789, 0.99999923, -0.00023337069]
[0.99999994, -0.00077765778, -0.00047991102, 0.0012109571;
  0.00077703252, 0.99999893, -0.0014698606, -0.0020378055;
  0.0004810777, 0.0014693801, 0.99999928, 0.0018614342]
[0.99999994, -0.00077765778, -0.00047991102, 0.0012109571;
  0.00077703252, 0.99999893, -0.0014698606, -0.0020378055;
  0.0004810777, 0.0014693801, 0.99999928, 0.0018614342]
[0.99999827, 0.0020036392, 0.00027854904, -0.0032440589;
  -0.0020040381, 0.99999714, 0.0013536467, -0.0027966672;
  -0.00027582105, -0.0013542828, 0.99999911, -0.00034510467]
[0.99999827, 0.0020036392, 0.00027854904, -0.0032440589;
  -0.0020040381, 0.99999714, 0.0013536467, -0.0027966672;
  -0.00027582105, -0.0013542828, 0.99999911, -0.00034510467]
[0.99999875, 0.00050403626, -0.0016856884, -0.0027963563;
  -0.00050398445, 1.0000001, 7.9344463e-05, -0.00088456232;
  0.0016857705, -7.8610799e-05, 0.99999875, 0.0007577315]
[0.99999875, 0.00050403626, -0.0016856884, -0.0027963563;
  -0.00050398445, 1.0000001, 7.9344463e-05, -0.00088456232;
  0.0016857705, -7.8610799e-05, 0.99999875, 0.0007577315]
[0.99999905, -0.00061388954, -7.7279337e-06, 0.0021050544;
  0.00061386428, 0.99999911, -0.00029357226, -0.00061682094;
  7.8041558e-06, 0.00029342683, 0.99999923, 0.0015456129]
--------------------------------------
 0.822037         0 -0.569434
        0         1         0
 0.569434         0  0.822037
-0.00278468
0.000421513
0.999996
0.997719
1.22971
0
-0.640602
 0.981866         0 -0.189576
        0         1         0
 0.189576         0  0.981866
0.00962662
0.00227605
0.999951
0.999944
0.29637
0
-0.246609
 0.678831         0 -0.734294
        0         1         0
 0.734294         0  0.678831
-0.000369609
-0.00120008
0.999999
1.00434
2.02013
0
-0.792153
 0.780915         0 -0.624638
        0         1         0
 0.624638         0  0.780915
0.00034505
-0.00190417
0.999998
1.00155
1.4431
0
-0.694235
--------------------------------------
0.0236092         0  0.999721
        0         1         0
-0.999721         0 0.0236092
0.000260487
4.08208e-05
1
1.01152
86.0042
0
1.01131
0.0259414         0  0.999663
        0         1         0
-0.999663         0 0.0259414
-5.13703e-05
-0.000749508
1
0.937756
74.3669
0
0.937515
0.0320969         0  0.999485
        0         1         0
-0.999485         0 0.0320969
0.000198036
0.000119529
1
1.02265
63.3025
0
1.02226
0.0319978         0  0.999488
        0         1         0
-0.999488         0 0.0319978
0.000298264
-0.000114116
1
1.02442
63.7343
0
1.02402
0.028039        0 0.999607
       0        1        0
-0.999607        0 0.028039
0.000116852
-4.20151e-05
1
1.01531
72.0996
0
1.01501
[1, 0, 0, 0;
  0, 1, 0, 0;
  0, 0, 1, 0]
[1, 0, 0, 0;
  0, 1, 0, 0;
  0, 0, 1, 0]
[1, 0, 0, 0;
  0, 1, 0, 0;
  0, 0, 1, 0]
--------------------------------------
--------------------------------------
 0.854491         0 -0.519466
        0         1         0
 0.519466         0  0.854491
-0.00322166
0.000170504
0.999995
0.997856
1.06222
0
-0.593863
 0.974627         0 -0.223833
        0         1         0
 0.223833         0  0.974627
0.00478849
0.00239638
0.999986
0.998879
0.358771
0
-0.285885
 0.682016         0 -0.731337
        0         1         0
 0.731337         0  0.682016
-0.000840206
-0.000921103
0.999999
1.00268
2.00021
0
-0.788177
 0.916267         0 -0.400569
        0         1         0
 0.400569         0  0.916267
0.00312744
-0.00318197
0.99999
1.00093
0.731094
0
-0.479478
 0.812743         0 -0.582622
        0         1         0
 0.582622         0  0.812743
-0.0027238
-0.000666819
0.999996
0.997882
1.27746
0
-0.652926
0.794653        0 0.607063
       0        1        0
-0.607063        0 0.794653
0.00192742
0.00110395
-0.999998
0.996057
-1.36499
0
-0.674457
  0.78332         0 -0.621619
        0         1         0
 0.621619         0   0.78332
-0.00151177
0.000634633
0.999999
1.00085
1.43177
0
-0.69077
 0.953757         0 -0.300579
        0         1         0
 0.300579         0  0.953757
0.00292996
-0.000966243
0.999995
1.00039
0.5073
0
-0.373354
 0.708337         0 -0.705874
        0         1         0
 0.705874         0  0.708337
-0.00173584
-0.00106478
0.999998
1.00093
1.84571
0
-0.764779
 0.882734         0 -0.469874
        0         1         0
 0.469874         0  0.882734
0.00326101
-0.00289699
0.99999
1.00177
0.911225
0
-0.549729
[1, 0, 0, 0;
  0, 1, 0, 0;
  0, 0, 1, 0]
[1, 0, 0, 0;
  0, 1, 0, 0;
  0, 0, 1, 0]
[1, 0, 0, 0;
  0, 1, 0, 0;
  0, 0, 1, 0]
[0.99999875, -0.00057352358, 0.0011232781, -0.0031296648;
  0.00057145755, 0.99999785, 0.0017761893, -0.001902817;
  -0.0011242602, -0.0017754118, 0.99999738, 0.0014681444]
[0.99999875, -0.00057352358, 0.0011232781, -0.0031296648;
  0.00057145755, 0.99999785, 0.0017761893, -0.001902817;
  -0.0011242602, -0.0017754118, 0.99999738, 0.0014681444]
[0.99999893, -0.0014438346, 0.0001217132, -0.0032753323;
  0.0014436918, 0.99999762, 0.0015007426, -0.0015821914;
  -0.00012401445, -0.0015005023, 0.99999863, -0.00040896918]
[0.99999893, -0.0014438346, 0.0001217132, -0.0032753323;
  0.0014436918, 0.99999762, 0.0015007426, -0.0015821914;
  -0.00012401445, -0.0015005023, 0.99999863, -0.00040896918]
[1.0000002, 3.4036206e-05, 0.00069814565, -0.0022114757;
  -3.5053668e-05, 0.99999952, 0.0013217988, -0.0012885239;
  -0.00069804298, -0.001321768, 0.99999928, 0.001444912]
[1.0000002, 3.4036206e-05, 0.00069814565, -0.0022114757;
  -3.5053668e-05, 0.99999952, 0.0013217988, -0.0012885239;
  -0.00069804298, -0.001321768, 0.99999928, 0.001444912]
[0.99999928, -0.00030820249, 0.00049729232, -0.0027852983;
  0.00030813948, 0.99999946, 0.00011425299, -1.9682713e-05;
  -0.00049729034, -0.00011413252, 0.99999923, 0.00037035695]
[0.99999928, -0.00030820249, 0.00049729232, -0.0027852983;
  0.00030813948, 0.99999946, 0.00011425299, -1.9682713e-05;
  -0.00049729034, -0.00011413252, 0.99999923, 0.00037035695]
[0.99999976, -0.0007695395, 2.4345332e-05, -0.0029662275;
  0.00076948607, 0.99999905, 0.00085944094, -0.00086245424;
  -2.5040448e-05, -0.00085933623, 0.9999994, -0.00010523223]
--------------------------------------
 0.793818         0 -0.608155
        0         1         0
 0.608155         0  0.793818
-0.00230579
0.000336231
0.999997
0.998605
1.37656
0
-0.676725
 0.620267         0 -0.784391
        0         1         0
 0.784391         0  0.620267
-0.000531248
-0.00190535
0.999998
1.00518
2.39932
0
-0.834813
 0.802378         0 -0.596816
        0         1         0
 0.596816         0  0.802378
-0.00280846
-0.000767616
0.999996
0.997668
1.33136
0
-0.66571
0.753821        0 -0.65708
       0        1        0
 0.65708        0 0.753821
-0.00137244
0.000170943
0.999999
1.00082
1.58971
0
-0.722315
 0.712436         0 -0.701737
        0         1         0
 0.701737         0  0.712436
-0.000607371
-0.000395541
1
1.00132
1.81955
0
-0.761756
[1, 0, 0, 0;
  0, 1, 0, 0;
  0, 0, 1, 0]
[1, 0, 0, 0;
  0, 1, 0, 0;
  0, 0, 1, 0]
[1, 0, 0, 0;
  0, 1, 0, 0;
  0, 0, 1, 0]
[1.0000004, 0.00031333088, 0.00048937125, 0.0039250664;
  -0.00031345847, 1.0000004, 6.1547042e-05, 0.00042836997;
  -0.00048946228, -6.184847e-05, 1.0000001, -0.00014442299]
[1.0000004, 0.00031333088, 0.00048937125, 0.0039250664;
  -0.00031345847, 1.0000004, 6.1547042e-05, 0.00042836997;
  -0.00048946228, -6.184847e-05, 1.0000001, -0.00014442299]
[0.99999952, -0.00037305453, -0.00096822192, 0.00081004563;
  0.00037214934, 0.99999976, -0.00096070702, -0.0015099093;
  0.00096857781, 0.0009602831, 0.99999923, 0.0019138817]
[0.99999952, -0.00037305453, -0.00096822192, 0.00081004563;
  0.00037214934, 0.99999976, -0.00096070702, -0.0015099093;
  0.00096857781, 0.0009602831, 0.99999923, 0.0019138817]
[0.99999863, 0.0017517314, 0.00015280821, -0.003358698;
  -0.0017518521, 0.99999857, 0.00088603533, -0.0020692302;
  -0.00015128545, -0.00088626484, 0.99999976, 0.00020449026]
[0.99999863, 0.0017517314, 0.00015280821, -0.003358698;
  -0.0017518521, 0.99999857, 0.00088603533, -0.0020692302;
  -0.00015128545, -0.00088626484, 0.99999976, 0.00020449026]
[0.99999827, 0.00060412299, -0.0014942209, -0.0025396226;
  -0.0006037759, 0.9999994, 0.00018100903, -0.00098805747;
  0.0014942718, -0.00018009686, 0.99999845, 0.00037335898]
[0.99999827, 0.00060412299, -0.0014942209, -0.0025396226;
  -0.0006037759, 0.9999994, 0.00018100903, -0.00098805747;
  0.0014942718, -0.00018009686, 0.99999845, 0.00037335898]
[0.99999934, -0.00042686929, 0.00024800727, 0.0023996225;
  0.00042687575, 0.99999958, -0.00010587041, -0.00036157624;
  -0.00024811772, 0.00010598108, 0.99999928, 0.0017153666]
 0.798897         0 -0.601467
        0         1         0
 0.601467         0  0.798897
-0.00221429
-0.00114779
0.999997
1.00065
1.35062
0
-0.672303
 0.773117         0 -0.634263
        0         1         0
 0.634263         0  0.773117
-0.00252346
-0.00139067
0.999996
0.99709
1.48364
0
-0.699113
 0.899035         0 -0.437877
        0         1         0
 0.437877         0  0.899035
0.000593989
-0.000324304
1
1.00006
0.825574
0
-0.516556
 0.847148         0 -0.531357
        0         1         0
 0.531357         0  0.847148
-0.00169568
-0.00134029
0.999998
1.0016
1.09978
0
-0.608157
0.771689        0   -0.636
       0        1        0
   0.636        0 0.771689
-0.00209409
-0.000731555
0.999998
1.00142
1.49472
0
-0.704013
[0.99999934, -0.00042686929, 0.00024800727, 0.0023996225;
  0.00042687575, 0.99999958, -0.00010587041, -0.00036157624;
  -0.00024811772, 0.00010598108, 0.99999928, 0.0017153666]
[1, 0, 0, 0;
  0, 1, 0, 0;
  0, 0, 1, 0]
[1, 0, 0, 0;
  0, 1, 0, 0;
  0, 0, 1, 0]
[0.99999976, -0.00019557127, 7.7267527e-05, 0.0022222162;
  0.00019549858, 1, 0.00036040618, -0.0003540144;
  -7.7158911e-05, -0.00036035586, 1.0000001, 0.0006354443]
[0.99999976, -0.00019557127, 7.7267527e-05, 0.0022222162;
  0.00019549858, 1, 0.00036040618, -0.0003540144;
  -7.7158911e-05, -0.00036035586, 1.0000001, 0.0006354443]
[0.99999899, 0.001671513, -7.3338233e-05, -0.0043916744;
  -0.0016714667, 0.99999887, 0.00059353077, -0.0015862889;
  7.4299605e-05, -0.00059340009, 1.0000004, 0.001254285]
[0.99999899, 0.001671513, -7.3338233e-05, -0.0043916744;
  -0.0016714667, 0.99999887, 0.00059353077, -0.0015862889;
  7.4299605e-05, -0.00059340009, 1.0000004, 0.001254285]
[1.0000005, -0.00077690242, 0.00058044301, 0.0022647234;
  0.00077742385, 1, -0.00090705941, -0.0013536988;
  -0.00057991291, 0.00090735691, 1.0000001, 0.0012801199]
[1.0000005, -0.00077690242, 0.00058044301, 0.0022647234;
  0.00077742385, 1, -0.00090705941, -0.0013536988;
  -0.00057991291, 0.00090735691, 1.0000001, 0.0012801199]
[0.99999881, 0.0010969472, -0.0011339792, -0.0017661264;
  -0.001096539, 0.99999946, 0.00034732613, -0.00049920654;
  0.0011343765, -0.00034612429, 0.99999946, 0.00055987935]
[0.99999881, 0.0010969472, -0.0011339792, -0.0017661264;
  -0.001096539, 0.99999946, 0.00034732613, -0.00049920654;
  0.0011343765, -0.00034612429, 0.99999946, 0.00055987935]
[0.99999917, -0.00057081378, 0.00021588425, 0.0035102831;
  0.00057092466, 0.99999917, -0.00021498591, -0.0015025418;
  -0.00021573405, 0.00021497396, 0.99999917, -0.00033647855]
--------------------------------------
 0.790701         0 -0.612203
        0         1         0
 0.612203         0  0.790701
-0.00219276
0.000694033
0.999997
0.998696
1.39288
0
-0.680464
0.981045        0 -0.19378
       0        1        0
 0.19378        0 0.981045
0.000259605
0.00218811
0.999998
0.997791
0.305753
0
-0.249596
 0.682403         0 -0.730976
        0         1         0
 0.730976         0  0.682403
-0.00111861
-0.00155896
0.999998
1.0036
2.0003
0
-0.788552
 0.888346         0 -0.459175
        0         1         0
 0.459175         0  0.888346
0.00311873
-0.00349135
0.999989
1.00144
0.882058
0
-0.538855
 0.811664         0 -0.584124
        0         1         0
 0.584124         0  0.811664
-0.00222367
-0.000192554
0.999998
0.998296
1.28285
0
-0.654672
  0.96614         0 -0.258019
        0         1         0
 0.258019         0   0.96614
-0.00167033
0.00020999
0.999999
0.997519
0.424056
0
-0.323851
  0.80132         0 -0.598235
        0         1         0
 0.598235         0   0.80132
-0.0017058
0.000574873
0.999998
1.00009
1.33708
0
-0.668999
 0.990622         0 -0.136629
        0         1         0
 0.136629         0  0.990622
0.0106967
0.00815846
0.99991
0.999047
0.207664
0
-0.181123
 0.691335         0 -0.722535
        0         1         0
 0.722535         0  0.691335
-0.000729561
-0.000820675
0.999999
1.00141
1.94312
0
-0.779617
 0.932829         0 -0.360318
        0         1         0
 0.360318         0  0.932829
0.00150176
-0.000374907
0.999999
1.00058
0.636509
0
-0.437468
[1, 0, 0, 0;
  0, 1, 0, 0;
  0, 0, 1, 0]
[1, 0, 0, 0;
  0, 1, 0, 0;
  0, 0, 1, 0]
[1, 0, 0, 0;
  0, 1, 0, 0;
  0, 0, 1, 0]
[0.99999863, -0.00061301858, 0.0010525158, -0.0030532142;
  0.00061112683, 0.9999975, 0.00191627, -0.0020505919;
  -0.0010536324, -0.0019157258, 0.99999738, 0.0014685198]
[0.99999863, -0.00061301858, 0.0010525158, -0.0030532142;
  0.00061112683, 0.9999975, 0.00191627, -0.0020505919;
  -0.0010536324, -0.0019157258, 0.99999738, 0.0014685198]
[0.99999881, -0.00147482, 9.6290845e-05, -0.0032211361;
  0.0014745714, 0.99999744, 0.0015425811, -0.0016462153;
  -9.8622033e-05, -0.0015424159, 0.99999881, -0.00033695961]
[0.99999881, -0.00147482, 9.6290845e-05, -0.0032211361;
  0.0014745714, 0.99999744, 0.0015425811, -0.0016462153;
  -9.8622033e-05, -0.0015424159, 0.99999881, -0.00033695961]
[1.0000001, 2.1932068e-05, 0.00063742313, -0.0021497137;
  -2.2809692e-05, 0.99999905, 0.0014064485, -0.0013758889;
  -0.00063737342, -0.0014065785, 0.99999899, 0.0014336889]
[1.0000001, 2.1932068e-05, 0.00063742313, -0.0021497137;
  -2.2809692e-05, 0.99999905, 0.0014064485, -0.0013758889;
  -0.00063737342, -0.0014065785, 0.99999899, 0.0014336889]
[0.99999964, -0.00037288363, 0.00045140387, -0.0027390718;
  0.00037278901, 0.9999997, 0.00021317764, -0.00013645343;
  -0.00045152416, -0.00021301489, 0.99999964, 0.00037273217]
[0.99999964, -0.00037288363, 0.00045140387, -0.0027390718;
  0.00037278901, 0.9999997, 0.00021317764, -0.00013645343;
  -0.00045152416, -0.00021301489, 0.99999964, 0.00037273217]
[0.99999923, -0.00083342096, -4.2460455e-05, -0.0029021003;
  0.00083370978, 0.99999905, 0.00092372397, -0.0009660928;
  4.1512321e-05, -0.00092382444, 0.99999946, -6.2958337e-05]
