starting--------------------------------------
-1.02799e-05 -9.55678e-06   0.00237702
    86.0949    -2.71254 -0.00284123
Newone
[1.0148978, -0.0032444985, 87.024849;
  0.00297272, 1.0037137, -2.926492;
  1.6398554e-06, -6.3494149e-06, 1]
[0.99999535, -0.0028149092, -0.001189788;
  0.0028187695, 0.99999076, 0.0032550085;
  0.001180683, -0.0032583459, 0.99999398][0.17539364; -0.0048953388; -0.0062881857][0.051825404; 0.0092018852; 0.99861372]
[0.98512387, -0.00049985544, 0.17184502;
  0.00080323493, 0.99999827, -0.0016958822;
  -0.1718438, 0.0018086882, 0.98512256][0.024080478; 0.0017754812; 0.17390634][0.99831688; -0.029623386; 0.049858063]
[0.99999535, -0.0028149092, -0.001189788;
  0.0028187695, 0.99999076, 0.0032550085;
  0.001180683, -0.0032583459, 0.99999398][0.17539364; -0.0048953388; -0.0062881857][0.051825404; 0.0092018852; 0.99861372]
0--------------------
plane[0.051825404; 0.0092018852; 0.99861372]
[0.99999535, -0.0028149092, -0.001189788;
  0.0028187695, 0.99999076, 0.0032550085;
  0.001180683, -0.0032583459, 0.99999398]
[0.17539364, -0.0048953388, -0.0062881857]
rrrrrrrrrrrrrrrrrrrrrrrrr
-1.63729e-05 -4.96131e-05    0.0102837
   58.8678   -3.87172 -0.0159625
Newone
[1.0293574, 0.0023311416, 59.451744;
  0.0011744918, 1.0124718, -1.7154324;
  1.9055889e-05, -6.9150237e-06, 1]
[0.9999401, 0.0032200126, -0.010477264;
  -0.0031832056, 0.99998885, 0.0035265086;
  0.01048852, -0.0034929435, 0.99993896][0.14040466; -0.0024669445; -0.0096888989][0.065297425; 0.00908003; 0.99782455]
[0.99178392, 0.004707966, 0.12783898;
  -0.0048906039, 0.99998754, 0.0011149157;
  -0.12783206, -0.0017309659, 0.99179447][0.017442182; 0.0015707151; 0.1396665][0.99985915; -0.013424162; -0.010080457]
[0.9999401, 0.0032200126, -0.010477264;
  -0.0031832056, 0.99998885, 0.0035265086;
  0.01048852, -0.0034929435, 0.99993896][0.14040466; -0.0024669445; -0.0096888989][0.065297425; 0.00908003; 0.99782455]
1--------------------
plane[0.065297425; 0.00908003; 0.99782455]
[0.9999401, 0.0032200126, -0.010477264;
  -0.0031832056, 0.99998885, 0.0035265086;
  0.01048852, -0.0034929435, 0.99993896]
[0.14040466, -0.0024669445, -0.0096888989]
rrrrrrrrrrrrrrrrrrrrrrrrr
 9.95904e-05 -5.32747e-05    0.0133376
   54.5682   -10.0642 -0.0604381
Newone
[1.0324299, 0.0011332675, 63.415306;
  0.0053520552, 1.0165391, -4.9690042;
  1.9004017e-05, 1.5785602e-07, 1]
[0.99994463, -0.00087017228, -0.01049571;
  0.00086784555, 0.99999976, -0.00022604095;
  0.010496026, 0.0002169073, 0.99994493][0.14833853; -0.0012228937; -0.010376327][0.066716492; 0.013262728; 0.99768376]
[0.99081337, 0.0012184986, 0.13523121;
  -0.0010369404, 0.99999863, -0.0014130409;
  -0.13523267, 0.0012598217, 0.99081308][0.019179806; 0.0018547709; 0.14745229][0.99994069; -0.008123029; -0.0072540045]
[0.99994463, -0.00087017228, -0.01049571;
  0.00086784555, 0.99999976, -0.00022604095;
  0.010496026, 0.0002169073, 0.99994493][0.14833853; -0.0012228937; -0.010376327][0.066716492; 0.013262728; 0.99768376]
2--------------------
plane[0.066716492; 0.013262728; 0.99768376]
[0.99994463, -0.00087017228, -0.01049571;
  0.00086784555, 0.99999976, -0.00022604095;
  0.010496026, 0.0002169073, 0.99994493]
[0.14833853, -0.0012228937, -0.010376327]
rrrrrrrrrrrrrrrrrrrrrrrrr
-1.98556e-05 0.000164266  -0.0197251
  92.5223   9.70267 0.0734717
Newone
[1.0314897, -0.00033508337, 61.740856;
  0.0064187073, 1.0153136, -2.1101515;
  2.2154736e-05, 3.5649623e-07, 1]
[0.99992794, -0.00085667457, -0.011961177;
  0.00085413642, 0.99999928, -0.00021748955;
  0.011961267, 0.00020726371, 0.99992824][0.14469363; 0.0038334879; -0.0079974607][0.064044833; 0.0029077409; 0.99794281]
[0.99148744, -0.00089435757, 0.13019776;
  0.00043611982, 0.99999332, 0.0035480419;
  -0.13020012, -0.0034610492, 0.99148148][0.017841846; 0.00067012082; 0.14386144][0.99966049; 0.025725327; 0.0041308701]
[0.99992794, -0.00085667457, -0.011961177;
  0.00085413642, 0.99999928, -0.00021748955;
  0.011961267, 0.00020726371, 0.99992824][0.14469363; 0.0038334879; -0.0079974607][0.064044833; 0.0029077409; 0.99794281]
3--------------------
plane[0.064044833; 0.0029077409; 0.99794281]
[0.99992794, -0.00085667457, -0.011961177;
  0.00085413642, 0.99999928, -0.00021748955;
  0.011961267, 0.00020726371, 0.99992824]
[0.14469363, 0.0038334879, -0.0079974607]
rrrrrrrrrrrrrrrrrrrrrrrrr
-3.32152e-05 1.65645e-05 -0.00186619
  82.0574  0.450972 0.0145254
Newone
[1.0530442, 0.0080247102, 63.201786;
  0.010006581, 1.0315666, -6.2205968;
  4.0528397e-05, 2.1006503e-05, 1]
[0.99977088, 0.00040069589, -0.021396402;
  -0.00063136691, 0.99994153, -0.010775674;
  0.021390805, 0.010786699, 0.99971288][0.16791841; 0.011539873; -0.0082870722][0.082164079; 0.0053705946; 0.99660432]
[0.98995513, -0.000317464, 0.14138064;
  0.00025964802, 0.99999964, 0.00042739778;
  -0.14138077, -0.00038641761, 0.98995507][0.023930572; 3.3582561e-05; 0.16681057][0.99759603; 0.068491288; 0.010537475]
[0.99977088, 0.00040069589, -0.021396402;
  -0.00063136691, 0.99994153, -0.010775674;
  0.021390805, 0.010786699, 0.99971288][0.16791841; 0.011539873; -0.0082870722][0.082164079; 0.0053705946; 0.99660432]
4--------------------
plane[0.082164079; 0.0053705946; 0.99660432]
[0.99977088, 0.00040069589, -0.021396402;
  -0.00063136691, 0.99994153, -0.010775674;
  0.021390805, 0.010786699, 0.99971288]
[0.16791841, 0.011539873, -0.0082870722]
rrrrrrrrrrrrrrrrrrrrrrrrr
3.48582e-05 6.56934e-05   -0.004833
   83.061   2.79108 0.0235861
Newone
[1.0325674, 0.0089687761, 59.39986;
  0.0023238452, 1.0185103, -1.0134963;
  2.1464415e-05, 5.5881987e-06, 1]
[0.99992722, 0.0031744807, -0.011614517;
  -0.0032104636, 0.99998993, -0.0030832139;
  0.011604763, 0.0031202571, 0.99992764][0.14420047; 0.0073409723; -0.0087308437][0.061042905; 0.027426876; 0.99775821]
[0.99151075, 0.0061131893, 0.12987949;
  -0.0067054485, 0.99996889, 0.0041234493;
  -0.12985024, -0.00495937, 0.99152106][0.017388791; 0.0040086461; 0.143546][0.99845386; 0.05557359; -0.0011281371]
[0.99992722, 0.0031744807, -0.011614517;
  -0.0032104636, 0.99998993, -0.0030832139;
  0.011604763, 0.0031202571, 0.99992764][0.14420047; 0.0073409723; -0.0087308437][0.061042905; 0.027426876; 0.99775821]
0--------------------
plane[0.061042905; 0.027426876; 0.99775821]
[0.99992722, 0.0031744807, -0.011614517;
  -0.0032104636, 0.99998993, -0.0030832139;
  0.011604763, 0.0031202571, 0.99992764]
[0.14420047, 0.0073409723, -0.0087308437]
rrrrrrrrrrrrrrrrrrrrrrrrr
-9.58882e-06 -6.65854e-06   0.00520632
    71.5784    -3.40811 -0.00584039
Newone
[1.0410379, 0.0051131435, 65.088943;
  0.0082019456, 1.0246446, -6.2289791;
  2.789732e-05, 6.5886588e-06, 1]
[0.99988627, -0.0013501366, -0.015010667;
  0.0012942796, 0.99999201, -0.0037323392;
  0.015015717, 0.0037124851, 0.99988019][0.1605843; 0.0034084567; -0.012393147][0.05766198; 0.027333193; 0.99796188]
[0.98987746, 0.0025273878, 0.1419012;
  -0.0025024638, 0.99999666, -0.00035386591;
  -0.14190149, -4.8228217e-06, 0.98988062][0.019504786; 0.004081863; 0.15986066][0.99967563; 0.021668833; -0.01337719]
[0.99988627, -0.0013501366, -0.015010667;
  0.0012942796, 0.99999201, -0.0037323392;
  0.015015717, 0.0037124851, 0.99988019][0.1605843; 0.0034084567; -0.012393147][0.05766198; 0.027333193; 0.99796188]
1--------------------
plane[0.05766198; 0.027333193; 0.99796188]
[0.99988627, -0.0013501366, -0.015010667;
  0.0012942796, 0.99999201, -0.0037323392;
  0.015015717, 0.0037124851, 0.99988019]
[0.1605843, 0.0034084567, -0.012393147]
rrrrrrrrrrrrrrrrrrrrrrrrr
2.55973e-05 5.22474e-05  -0.0129133
  67.5681    5.3849 0.0123406
Newone
[1.0563295, -0.017627575, 54.259083;
  0.0067130588, 1.0098106, -1.6512825;
  4.9007569e-05, -4.3266602e-05, 1]
[0.99963081, 0.0027598741, -0.027044598;
  -0.0021400435, 0.99973536, 0.022920098;
  0.027100664, -0.022853767, 0.99937177][0.155573; -0.020584811; -0.013775505][0.13807672; -0.042537823; 0.98950768]
[0.99214363, -2.5827228e-05, 0.12510745;
  -0.00032122948, 0.99999648, 0.0027541283;
  -0.12510708, -0.0027727026, 0.99213982][0.029382825; -0.0047399262; 0.1546953][0.99087626; -0.12856248; -0.040449947]
[0.99963081, 0.0027598741, -0.027044598;
  -0.0021400435, 0.99973536, 0.022920098;
  0.027100664, -0.022853767, 0.99937177][0.155573; -0.020584811; -0.013775505][0.13807672; -0.042537823; 0.98950768]
2--------------------
plane[0.13807672; -0.042537823; 0.98950768]
[0.99963081, 0.0027598741, -0.027044598;
  -0.0021400435, 0.99973536, 0.022920098;
  0.027100664, -0.022853767, 0.99937177]
[0.155573, -0.020584811, -0.013775505]
rrrrrrrrrrrrrrrrrrrrrrrrr
starting--------------------------------------
 1.31038e-06 -9.81492e-06   0.00378626
    87.5572    -2.93784 -0.00577054
Newone
[1.0147755, -0.0033576365, 87.052711;
  0.0029552865, 1.0036218, -2.9185786;
  1.525308e-06, -6.5582963e-06, 1]
[0.99999553, -0.0028294832, -0.0011312711;
  0.0028332861, 0.9999904, 0.0033650966;
  0.0011216954, -0.0033682706, 0.99999386][0.17531212; -0.0050038467; -0.0063332468][0.051594645; 0.0090243695; 0.99862731]
[0.98512483, -0.00053175917, 0.17184024;
  0.0008350049, 0.99999827, -0.001692337;
  -0.17183906, 0.0018106609, 0.98512346][0.0240345; 0.0017535602; 0.17383543][0.99830973; -0.030277267; 0.049608946]
[0.99999553, -0.0028294832, -0.0011312711;
  0.0028332861, 0.9999904, 0.0033650966;
  0.0011216954, -0.0033682706, 0.99999386][0.17531212; -0.0050038467; -0.0063332468][0.051594645; 0.0090243695; 0.99862731]
0--------------------
plane[0.051594645; 0.0090243695; 0.99862731]
[0.99999553, -0.0028294832, -0.0011312711;
  0.0028332861, 0.9999904, 0.0033650966;
  0.0011216954, -0.0033682706, 0.99999386]
[0.17531212, -0.0050038467, -0.0063332468]
rrrrrrrrrrrrrrrrrrrrrrrrr
-1.96247e-05 1.61602e-05 -0.00493641
      66.052    0.0733097 -0.000361832
Newone
[1.0294052, 0.0022945651, 59.464832;
  0.0011584406, 1.0125612, -1.7185751;
  1.9011119e-05, -6.6406074e-06, 1]
[0.9999404, 0.003231803, -0.010455176;
  -0.0031964676, 0.99998933, 0.0033939618;
  0.010466052, -0.0033603269, 0.9999398][0.14039007; -0.0023307835; -0.0096576214][0.065606773; 0.0081103491; 0.99781263]
[0.99178469, 0.0045704255, 0.12783894;
  -0.004751896, 0.99998832, 0.001114637;
  -0.12783226, -0.0017129451, 0.99179453][0.017484121; 0.001424751; 0.13964365][0.9998731; -0.012525241; -0.0098516643]
[0.9999404, 0.003231803, -0.010455176;
  -0.0031964676, 0.99998933, 0.0033939618;
  0.010466052, -0.0033603269, 0.9999398][0.14039007; -0.0023307835; -0.0096576214][0.065606773; 0.0081103491; 0.99781263]
1--------------------
plane[0.065606773; 0.0081103491; 0.99781263]
[0.9999404, 0.003231803, -0.010455176;
  -0.0031964676, 0.99998933, 0.0033939618;
  0.010466052, -0.0033603269, 0.9999398]
[0.14039007, -0.0023307835, -0.0096576214]
rrrrrrrrrrrrrrrrrrrrrrrrr
 1.46882e-05 -5.71587e-05    0.0125268
  61.4304  -6.72845 -0.029616
Newone
[1.0310533, -0.0013081313, 64.063698;
  0.0053498279, 1.0150939, -4.8598547;
  1.8695531e-05, -3.3208487e-06, 1]
[0.99994606, -0.0010353727, -0.010319725;
  0.0010524644, 0.99999785, 0.0016481077;
  0.010318069, -0.0016588661, 0.99994522][0.14795037; -0.0031579835; -0.010695845][0.062361747; 0.005439301; 0.99803877]
[0.99081796, 0.00015339548, 0.13520165;
  4.2603646e-05, 0.99999875, -0.0014465561;
  -0.13520165, 0.0014390455, 0.99081689][0.018505007; 0.00082922226; 0.14720924][0.99971759; -0.021774258; -0.0095191896]
[0.99994606, -0.0010353727, -0.010319725;
  0.0010524644, 0.99999785, 0.0016481077;
  0.010318069, -0.0016588661, 0.99994522][0.14795037; -0.0031579835; -0.010695845][0.062361747; 0.005439301; 0.99803877]
2--------------------
plane[0.062361747; 0.005439301; 0.99803877]
[0.99994606, -0.0010353727, -0.010319725;
  0.0010524644, 0.99999785, 0.0016481077;
  0.010318069, -0.0016588661, 0.99994522]
[0.14795037, -0.0031579835, -0.010695845]
rrrrrrrrrrrrrrrrrrrrrrrrr
 -4.5346e-05 -2.98266e-05    0.0110569
   65.7433   -1.73427 0.00164424
Newone
[1.0311058, -0.00065126381, 61.856804;
  0.0063529499, 1.0150023, -2.0680811;
  2.1868456e-05, -1.4269726e-07, 1]
[0.99992961, -0.00087613956, -0.011811897;
  0.00087677548, 0.9999994, 4.79421e-05;
  0.011811958, -5.8299855e-05, 0.99993002][0.14450431; 0.0035575905; -0.0080224648][0.063390136; 0.0019628415; 0.99798691]
[0.99148744, -0.0010123304, 0.13019679;
  0.00055568852, 0.99999338, 0.003543644;
  -0.13019945, -0.0034411356, 0.99148172][0.017734401; 0.0005515872; 0.14367917][0.99970913; 0.023788661; 0.0039606094]
[0.99992961, -0.00087613956, -0.011811897;
  0.00087677548, 0.9999994, 4.79421e-05;
  0.011811958, -5.8299855e-05, 0.99993002][0.14450431; 0.0035575905; -0.0080224648][0.063390136; 0.0019628415; 0.99798691]
3--------------------
plane[0.063390136; 0.0019628415; 0.99798691]
[0.99992961, -0.00087613956, -0.011811897;
  0.00087677548, 0.9999994, 4.79421e-05;
  0.011811958, -5.8299855e-05, 0.99993002]
[0.14450431, 0.0035575905, -0.0080224648]
rrrrrrrrrrrrrrrrrrrrrrrrr
-2.84416e-05 3.63401e-06 0.000309973
   76.1089  -0.950167 0.00495339
Newone
[1.0383559, 0.003480735, 66.310158;
  0.0079675019, 1.0221997, -5.1152883;
  2.6072461e-05, 1.1410367e-05, 1]
[0.99990135, -0.0013600069, -0.013964646;
  0.0012769288, 0.99998128, -0.0059569702;
  0.013972392, 0.0059385491, 0.99988455][0.15910284; 0.0062730312; -0.0082762986][0.067178398; 0.0076777562; 0.99771136]
[0.98993707, -0.00094264559, 0.14150354;
  0.00092746544, 0.9999994, 0.00017327344;
  -0.14150377, -4.0295417e-05, 0.98993748][0.020862907; 0.00077828928; 0.15806864][0.9992007; 0.038157582; 0.011912644]
[0.99990135, -0.0013600069, -0.013964646;
  0.0012769288, 0.99998128, -0.0059569702;
  0.013972392, 0.0059385491, 0.99988455][0.15910284; 0.0062730312; -0.0082762986][0.067178398; 0.0076777562; 0.99771136]
4--------------------
plane[0.067178398; 0.0076777562; 0.99771136]
[0.99990135, -0.0013600069, -0.013964646;
  0.0012769288, 0.99998128, -0.0059569702;
  0.013972392, 0.0059385491, 0.99988455]
[0.15910284, 0.0062730312, -0.0082762986]
rrrrrrrrrrrrrrrrrrrrrrrrr
-5.42548e-05 -2.28237e-05   0.00155803
   61.4992    1.75252 0.00583642
Newone
[1.0323137, 0.0090970574, 59.415619;
  0.0022709724, 1.0183989, -0.99361867;
  2.1248579e-05, 5.4800435e-06, 1]
[0.99992925, 0.003169674, -0.011499214;
  -0.0032048146, 0.99999058, -0.0030383968;
  0.011489331, 0.0030750358, 0.99992973][0.14407369; 0.0072930753; -0.0087339431][0.06045112; 0.028617205; 0.99776089]
[0.99150974, 0.0062823114, 0.12988403;
  -0.0068758996, 0.99996823, 0.0041221981;
  -0.12985407, -0.0049802614, 0.991521][0.017297722; 0.0041803718; 0.1434225][0.9984653; 0.055370614; -0.0011416972]
[0.99992925, 0.003169674, -0.011499214;
  -0.0032048146, 0.99999058, -0.0030383968;
  0.011489331, 0.0030750358, 0.99992973][0.14407369; 0.0072930753; -0.0087339431][0.06045112; 0.028617205; 0.99776089]
0--------------------
plane[0.06045112; 0.028617205; 0.99776089]
[0.99992925, 0.003169674, -0.011499214;
  -0.0032048146, 0.99999058, -0.0030383968;
  0.011489331, 0.0030750358, 0.99992973]
[0.14407369, 0.0072930753, -0.0087339431]
rrrrrrrrrrrrrrrrrrrrrrrrr
-2.04873e-05  4.1367e-05 -0.00773365
   89.175   2.85245 0.0227459
Newone
[1.0407994, 0.0051455013, 65.122757;
  0.0081652291, 1.0244809, -6.2043962;
  2.773995e-05, 6.362674e-06, 1]
[0.99988765, -0.0013571612, -0.01492593;
  0.0013032013, 0.99999261, -0.0036252823;
  0.014930558, 0.0036054268, 0.99988216][0.16049206; 0.0032957441; -0.012390055][0.057192177; 0.028044257; 0.99796927]
[0.98987567, 0.0026435289, 0.14191239;
  -0.002619656, 0.99999654, -0.00035492229;
  -0.14191286, -2.0430492e-05, 0.98987925][0.019425906; 0.0042023794; 0.15977189][0.99968934; 0.021038249; -0.013351679]
[0.99988765, -0.0013571612, -0.01492593;
  0.0013032013, 0.99999261, -0.0036252823;
  0.014930558, 0.0036054268, 0.99988216][0.16049206; 0.0032957441; -0.012390055][0.057192177; 0.028044257; 0.99796927]
1--------------------
plane[0.057192177; 0.028044257; 0.99796927]
[0.99988765, -0.0013571612, -0.01492593;
  0.0013032013, 0.99999261, -0.0036252823;
  0.014930558, 0.0036054268, 0.99988216]
[0.16049206, 0.0032957441, -0.012390055]
rrrrrrrrrrrrrrrrrrrrrrrrr
2.55973e-05 5.22474e-05  -0.0129133
  67.5681    5.3849 0.0123406
Newone
[1.0563295, -0.017627575, 54.259083;
  0.0067130588, 1.0098106, -1.6512825;
  4.9007569e-05, -4.3266602e-05, 1]
[0.99963081, 0.0027598741, -0.027044598;
  -0.0021400435, 0.99973536, 0.022920098;
  0.027100664, -0.022853767, 0.99937177][0.155573; -0.020584811; -0.013775505][0.13807672; -0.042537823; 0.98950768]
[0.99214363, -2.5827228e-05, 0.12510745;
  -0.00032122948, 0.99999648, 0.0027541283;
  -0.12510708, -0.0027727026, 0.99213982][0.029382825; -0.0047399262; 0.1546953][0.99087626; -0.12856248; -0.040449947]
[0.99963081, 0.0027598741, -0.027044598;
  -0.0021400435, 0.99973536, 0.022920098;
  0.027100664, -0.022853767, 0.99937177][0.155573; -0.020584811; -0.013775505][0.13807672; -0.042537823; 0.98950768]
2--------------------
plane[0.13807672; -0.042537823; 0.98950768]
[0.99963081, 0.0027598741, -0.027044598;
  -0.0021400435, 0.99973536, 0.022920098;
  0.027100664, -0.022853767, 0.99937177]
[0.155573, -0.020584811, -0.013775505]
rrrrrrrrrrrrrrrrrrrrrrrrr
-0.000126184 0.000131641  -0.0163304
  66.9786  -1.43426 0.0257333
Newone
[1.0266974, -0.0064171916, 64.771324;
  0.0035058486, 1.0174505, -3.9867277;
  1.3321147e-05, 7.2145212e-07, 1]
[0.99121386, -0.0065152664, 0.13210756;
  0.00653311, 0.99997854, 0.0002982505;
  -0.13210662, 0.00056744082, 0.9912352][0.014094226; -0.0063330941; 0.14143954][0.99960983; -0.0014035217; -0.027894646]
[0.99997288, -0.00029841746, -0.0073365006;
  0.00029981358, 0.99999988, 0.00019129206;
  0.0073365229, -0.00019348648, 0.99997288][-0.14169878; -0.00028594607; 0.012855679][-0.036543846; 0.044771887; -0.99832857]
[0.99997288, -0.00029841746, -0.0073365006;
  0.00029981358, 0.99999988, 0.00019129206;
  0.0073365229, -0.00019348648, 0.99997288][-0.14169878; -0.00028594607; 0.012855679][-0.036543846; 0.044771887; -0.99832857]
0--------------------
plane[-0.036543846; 0.044771887; -0.99832857]
[0.99997288, -0.00029841746, -0.0073365006;
  0.00029981358, 0.99999988, 0.00019129206;
  0.0073365229, -0.00019348648, 0.99997288]
[-0.14169878, -0.00028594607, 0.012855679]
rrrrrrrrrrrrrrrrrrrrrrrrr
0.000128289 0.000311632  -0.0487184
  68.1169  0.545589 -0.021397
Newone
[0.99511987, 0.00071993767, 63.825119;
  -0.0061377413, 1.0162405, -2.4887204;
  -6.7707188e-05, 4.3810145e-05, 1]
[0.99177974, -0.017601559, 0.12673956;
  0.01734584, 0.99984479, 0.0031210296;
  -0.12677489, -0.00089699618, 0.99193108][0.017896511; -0.0076973578; 0.095881805][0.96181208; 0.24931046; -0.11296788]
[0.99941462, -0.0066637071, 0.033553697;
  0.0073810127, 0.99974597, -0.021299446;
  -0.033403289, 0.021534609, 0.99920994][0.092617586; 0.025681939; -0.018310528][0.10277194; -0.070846535; 0.9921788]
[0.99941462, -0.0066637071, 0.033553697;
  0.0073810127, 0.99974597, -0.021299446;
  -0.033403289, 0.021534609, 0.99920994][0.092617586; 0.025681939; -0.018310528][0.10277194; -0.070846535; 0.9921788]
1--------------------
plane[0.10277194; -0.070846535; 0.9921788]
[0.99941462, -0.0066637071, 0.033553697;
  0.0073810127, 0.99974597, -0.021299446;
  -0.033403289, 0.021534609, 0.99920994]
[0.092617586, 0.025681939, -0.018310528]
rrrrrrrrrrrrrrrrrrrrrrrrr
4.56497e-05 0.000314925 -0.00690373
  85.5301  0.388143 0.0606719
Newone
[0.99138999, -0.0046461839, 74.821838;
  0.0071966122, 1.0079162, -2.4489501;
  -5.3078302e-06, -3.1240345e-06, 1]
[0.99078429, -0.0035053513, 0.13540439;
  0.0029264821, 0.99998575, 0.0044738892;
  -0.13541812, -0.004036387, 0.99078047][-0.0061994269; 0.0055176467; 0.1338263][0.99975204; 0.018165119; -0.012881488]
[0.99995357, -0.0087700402, 0.0040244781;
  0.0087651359, 0.9999609, 0.0012333865;
  -0.0040350789, -0.0011980404, 0.9999913][-0.13358459; -0.0032212881; 0.011096593][0.11562541; -0.038905986; -0.9925307]
[0.99995357, -0.0087700402, 0.0040244781;
  0.0087651359, 0.9999609, 0.0012333865;
  -0.0040350789, -0.0011980404, 0.9999913][-0.13358459; -0.0032212881; 0.011096593][0.11562541; -0.038905986; -0.9925307]
2--------------------
plane[0.11562541; -0.038905986; -0.9925307]
[0.99995357, -0.0087700402, 0.0040244781;
  0.0087651359, 0.9999609, 0.0012333865;
  -0.0040350789, -0.0011980404, 0.9999913]
[-0.13358459, -0.0032212881, 0.011096593]
rrrrrrrrrrrrrrrrrrrrrrrrr
-0.000192456 -0.000159678    0.0283492
    74.1953    -6.79736 -0.00517414
Newone
[0.63093019, 0.012875901, 119.81406;
  -0.042294968, 0.86072946, 8.0203228;
  -0.000618399, 5.9883783e-05, 1]
[0.9894017, -0.010176318, 0.14484955;
  0.011286185, 0.99991304, -0.0068425462;
  -0.1447673, 0.0084047755, 0.98943037][-0.020887904; 0.098054022; -0.20445533][0.98034823; -0.11849505; 0.15772268]
[0.91913182, -0.11606444, 0.37646574;
  0.12573953, 0.99206281, -0.0011369924;
  -0.37334552, 0.048381574, 0.92643028][0.22609115; -0.011827741; -0.024408504][0.17612278; 0.41282296; -0.89362085]
[0.91913182, -0.11606444, 0.37646574;
  0.12573953, 0.99206281, -0.0011369924;
  -0.37334552, 0.048381574, 0.92643028][0.22609115; -0.011827741; -0.024408504][0.17612278; 0.41282296; -0.89362085]
3--------------------
plane[0.17612278; 0.41282296; -0.89362085]
[0.91913182, -0.11606444, 0.37646574;
  0.12573953, 0.99206281, -0.0011369924;
  -0.37334552, 0.048381574, 0.92643028]
[0.22609115, -0.011827741, -0.024408504]
rrrrrrrrrrrrrrrrrrrrrrrrr
9.50267e-06 0.000168808  -0.0103919
   99.316   2.60546 0.0696426
Newone
[1.0525714, -0.0090296213, 66.487877;
  0.011712154, 1.0326948, -5.5637107;
  7.9435624e-05, -1.2107697e-05, 1]
[0.99917948, 0.0075872401, -0.039782021;
  -0.0073041492, 0.99994695, 0.0072569349;
  0.039834984, -0.0069604432, 0.99918199][-0.18262461; 0.0063433517; 0.011910252][0.039185822; 0.07126867; -0.99668705]
[0.99068618, -0.0049331202, 0.13607551;
  0.0048491908, 0.99998778, 0.00094804942;
  -0.13607852, -0.00027939712, 0.99069798][0.0016371757; -0.012341112; 0.18269882][0.99930543; -0.033209704; -0.016903013]
[0.99917948, 0.0075872401, -0.039782021;
  -0.0073041492, 0.99994695, 0.0072569349;
  0.039834984, -0.0069604432, 0.99918199][-0.18262461; 0.0063433517; 0.011910252][0.039185822; 0.07126867; -0.99668705]
4--------------------
plane[0.039185822; 0.07126867; -0.99668705]
[0.99917948, 0.0075872401, -0.039782021;
  -0.0073041492, 0.99994695, 0.0072569349;
  0.039834984, -0.0069604432, 0.99918199]
[-0.18262461, 0.0063433517, 0.011910252]
rrrrrrrrrrrrrrrrrrrrrrrrr
-6.08168e-06 2.03157e-05 -0.00485517
    72.6841   -0.244823 -0.00110262
Newone
[1.0372416, -0.0037763987, 66.729301;
  0.0098239416, 1.0253353, -5.3866949;
  4.2661479e-05, 3.0724802e-06, 1]
[0.99976212, 0.00034666137, -0.021809448;
  -0.00037413323, 0.99999923, -0.0012560093;
  0.021809043, 0.0012638748, 0.99976152][-0.16173229; -0.0020102167; 0.010058194][0.0050007999; 0.031615809; -0.99948764]
[0.99069911, -0.0047280532, 0.13598888;
  0.0046789949, 0.99998885, 0.00068044459;
  -0.13599052, -3.7820129e-05, 0.99071026][0.0084782615; -0.0051881429; 0.1617521][0.99993622; 0.010211916; -0.0048134029]
[0.99976212, 0.00034666137, -0.021809448;
  -0.00037413323, 0.99999923, -0.0012560093;
  0.021809043, 0.0012638748, 0.99976152][-0.16173229; -0.0020102167; 0.010058194][0.0050007999; 0.031615809; -0.99948764]
0--------------------
plane[0.0050007999; 0.031615809; -0.99948764]
[0.99976212, 0.00034666137, -0.021809448;
  -0.00037413323, 0.99999923, -0.0012560093;
  0.021809043, 0.0012638748, 0.99976152]
[-0.16173229, -0.0020102167, 0.010058194]
rrrrrrrrrrrrrrrrrrrrrrrrr
  1.9421e-06 -1.32274e-05   0.00595467
   75.7117   -7.65081 -0.0182835
Newone
[1.0500503, -0.0025792127, 69.888496;
  0.012296602, 1.0355674, -10.168108;
  5.1136034e-05, 7.5845705e-06, 1]
[0.98917252, -0.0047863033, 0.14668038;
  0.0054235244, 0.99997753, -0.0039448733;
  -0.14665833, 0.0046976712, 0.98917627][0.011161946; -0.0055587837; 0.17851043][0.99968386; -0.0048979139; -0.024666071]
[0.99966216, -0.00013830727, -0.025995772;
  4.8545782e-05, 0.99999404, -0.0034524519;
  0.025996014, 0.0034500035, 0.99965632][-0.17829466; 0.0003720657; 0.015242517][-0.0017651618; 0.027255569; -0.99962699]
[0.99966216, -0.00013830727, -0.025995772;
  4.8545782e-05, 0.99999404, -0.0034524519;
  0.025996014, 0.0034500035, 0.99965632][-0.17829466; 0.0003720657; 0.015242517][-0.0017651618; 0.027255569; -0.99962699]
1--------------------
plane[-0.0017651618; 0.027255569; -0.99962699]
[0.99966216, -0.00013830727, -0.025995772;
  4.8545782e-05, 0.99999404, -0.0034524519;
  0.025996014, 0.0034500035, 0.99965632]
[-0.17829466, 0.0003720657, 0.015242517]
rrrrrrrrrrrrrrrrrrrrrrrrr
3.49986e-06 2.64066e-05 -0.00628785
  76.4376   1.72453 0.0058078
Newone
[1.0232959, -0.0082964227, 65.756264;
  0.0058777891, 1.0167753, -4.2727041;
  2.3841099e-05, -4.4011294e-06, 1]
[0.99992615, -9.4794428e-05, -0.012151742;
  0.00012856378, 0.99999619, 0.0027818144;
  0.012151652, -0.002783159, 0.99992228][-0.14418881; 0.0027371147; 0.011075266][0.013526529; 0.047117591; -0.99879777]
[0.99156076, -0.0066268379, 0.12947342;
  0.0066857715, 0.99997771, -2.0825148e-05;
  -0.12947024, 0.00088629726, 0.99158293][0.0065657943; -0.0066389744; 0.14433771][0.99959302; -0.022257395; -0.017839521]
[0.99992615, -9.4794428e-05, -0.012151742;
  0.00012856378, 0.99999619, 0.0027818144;
  0.012151652, -0.002783159, 0.99992228][-0.14418881; 0.0027371147; 0.011075266][0.013526529; 0.047117591; -0.99879777]
2--------------------
plane[0.013526529; 0.047117591; -0.99879777]
[0.99992615, -9.4794428e-05, -0.012151742;
  0.00012856378, 0.99999619, 0.0027818144;
  0.012151652, -0.002783159, 0.99992228]
[-0.14418881, 0.0027371147, 0.011075266]
rrrrrrrrrrrrrrrrrrrrrrrrr
4.51652e-05 6.80678e-05  -0.0131042
    94.6122    0.207937 -0.00765926
Newone
[1.0024959, -0.016986543, 88.752045;
  0.0053000315, 1.0061619, -3.5373652;
  7.3872621e-07, -3.0906381e-06, 1]
[0.98671383, -0.015660334, 0.16171043;
  0.015880881, 0.99987376, -7.128658e-05;
  -0.16168889, 0.0026385381, 0.98683816][0.0089005232; -0.01087595; 0.16333359][0.99898106; -0.02619694; 0.036748409]
[0.99998724, -0.0050182822, -0.00019865562;
  0.0050186762, 0.9999851, 0.0020931757;
  0.00018819216, -0.0020940467, 0.99999768][-0.16375563; 0.0025854786; 0.0072649866][0.027305782; 0.066849552; -0.99738932]
[0.99998724, -0.0050182822, -0.00019865562;
  0.0050186762, 0.9999851, 0.0020931757;
  0.00018819216, -0.0020940467, 0.99999768][-0.16375563; 0.0025854786; 0.0072649866][0.027305782; 0.066849552; -0.99738932]
3--------------------
plane[0.027305782; 0.066849552; -0.99738932]
[0.99998724, -0.0050182822, -0.00019865562;
  0.0050186762, 0.9999851, 0.0020931757;
  0.00018819216, -0.0020940467, 0.99999768]
[-0.16375563, 0.0025854786, 0.0072649866]
rrrrrrrrrrrrrrrrrrrrrrrrr
     2.36091      1.94463 -0.000144034
 33.9952 -38.8116  2.22451
Newone
[1.0768968, -0.0071427091, 66.753433;
  0.019534966, 1.0483701, -12.851305;
  7.0557602e-05, 3.9707106e-06, 1]
[0.99934, -0.0025576574, -0.036231391;
  0.0025075895, 0.99999583, -0.0014273109;
  0.036235102, 0.001335507, 0.99934226][0.19457373; 0.00025322149; -0.023276106][0.039130718; -0.029461291; 0.99879968]
[0.98858988, -0.0079548387, 0.15042128;
  0.0082809702, 0.99996454, -0.0015418492;
  -0.15040359, 0.0027698798, 0.9886207][0.018909983; -0.0060488689; 0.19495283][0.99808931; -0.0041890331; -0.061645716]
[0.99934, -0.0025576574, -0.036231391;
  0.0025075895, 0.99999583, -0.0014273109;
  0.036235102, 0.001335507, 0.99934226][0.19457373; 0.00025322149; -0.023276106][0.039130718; -0.029461291; 0.99879968]
4--------------------
plane[0.039130718; -0.029461291; 0.99879968]
[0.99934, -0.0025576574, -0.036231391;
  0.0025075895, 0.99999583, -0.0014273109;
  0.036235102, 0.001335507, 0.99934226]
[0.19457373, 0.00025322149, -0.023276106]
rrrrrrrrrrrrrrrrrrrrrrrrr
