--------------------------------------
[1, 0, 0, 0;
  0, 1, 0, 0;
  0, 0, 1, 0]
[0.99999261, 0.0028717204, -0.0025395139, 0.022603771;
  -0.0028749357, 0.99999511, -0.0012518817, -0.00066560484;
  0.0025358095, 0.0012592417, 0.99999595, 0.00039972365]
[0.99997962, 0.0024583815, -0.0058355802, 0.04171399;
  -0.00245197, 0.9999963, 0.0010997852, 0.0030415622;
  0.0058381329, -0.0010854717, 0.999982, 0.00080017559]
[0.99996281, 0.005049373, -0.0070120329, 0.06404005;
  -0.0050580828, 0.99998665, -0.0012268742, 0.0015376195;
  0.0070057367, 0.0012622807, 0.99997485, 0.0022225659]
[0.99889982, 0.0021636661, -0.046844956, 0.072874501;
  -0.0022682582, 0.99999535, -0.0021798108, 0.00084755337;
  0.046840083, 0.0022836863, 0.99889994, -0.0012643151]
[0.99680686, 0.00068059668, -0.079843365, 0.076914877;
  -0.00057554443, 0.99999869, 0.0013384232, 0.0043679453;
  0.079844065, -0.001288236, 0.9968062, -0.0034818575]
[1, 0, 0, 0;
  0, 1, 0, 0;
  0, 0, 1, 0]
[0.99972546, 0.0018453778, -0.023353614, 0.0066131088;
  -0.0019388326, 0.99999034, -0.0039818287, -0.0053538242;
  0.023346115, 0.0040261419, 0.99971926, -0.0032558758]
[0.99984449, -0.0013107173, -0.017574366, 0.0064651226;
  0.0013058168, 0.99999887, -0.00028584732, -0.00074283447;
  0.017574551, 0.0002628431, 0.99984533, -0.0035879924]
[0.99970502, 0.0021777537, -0.024180258, 0.018526755;
  -0.0020774654, 0.99998891, 0.0041679186, 0.0050847172;
  0.024189115, -0.0041165031, 0.9996987, -0.0039024826]
[0.99964708, -4.2731888e-05, -0.026573773, 0.03756576;
  4.641058e-05, 1.0000002, 0.00013796186, 0.00096500595;
  0.026573846, -0.00013913655, 0.99964702, -0.0047476212]
[0.99944031, 0.006261609, -0.032863706, 0.052904606;
  -0.005850567, 0.99990356, 0.012588253, 0.014455194;
  0.032939222, -0.012388908, 0.99938059, -0.0082279155]
[0.99948525, 0.00078396662, -0.032057047, 0.075282685;
  -0.00072960439, 0.99999791, 0.0017078728, 0.0056554941;
  0.032058377, -0.0016836197, 0.99948424, -0.0052870126]
[0.99936157, 0.0030776965, -0.035598721, 0.090921097;
  -0.0029985884, 0.99999303, 0.0022740278, 0.0064490982;
  0.035605427, -0.0021658437, 0.99936372, -0.0022891653]
[1, 0, 0, 0;
  0, 1, 0, 0;
  0, 0, 1, 0]
[0.99875826, -0.002706547, -0.049757194, 0.0079785483;
  0.00241086, 0.99997932, -0.0060075982, -0.0051719705;
  0.049772777, 0.0058803041, 0.99874365, -0.0046480303]
[0.99825329, -0.0004628551, -0.059091628, 0.011373586;
  -0.00028141492, 0.99992132, -0.012590952, -0.010057837;
  0.059092905, 0.012585543, 0.99817365, 0.00067412149]
[0.99528366, -0.0038295647, -0.096936315, 0.008099027;
  0.0030902079, 0.99996543, -0.007775296, -0.0062725586;
  0.096962616, 0.0074389922, 0.99526072, -0.0073755989]
[0.99614006, -0.0022027732, -0.08774706, 0.012407995;
  0.0013505262, 0.9999513, -0.0097666997, -0.0087045422;
  0.087764636, 0.0096104015, 0.99609482, 0.0014005478]
[0.9945932, 0.0078034317, -0.1035593, 0.017838428;
  -0.006792828, 0.99992609, 0.010109446, 0.010337042;
  0.10363062, -0.0093516158, 0.99457252, -0.012253873]
[0.99486625, -0.0068031359, -0.10097246, 0.029995477;
  0.0060777911, 0.99995369, -0.0074878098, -0.0040583741;
  0.10101882, 0.0068356078, 0.99486172, -0.0095091434]
[0.99448311, -0.0098857023, -0.10442533, 0.042313647;
  0.0085928272, 0.99988061, -0.012823077, -0.0074439785;
  0.10453977, 0.011855087, 0.99444938, -0.0045842919]
[0.99507731, 0.002232101, -0.099077255, 0.060901277;
  -0.00097061956, 0.99991769, 0.012777871, 0.012853899;
  0.099097647, -0.012618758, 0.99499786, -0.0095134052]
[1, 0, 0, 0;
  0, 1, 0, 0;
  0, 0, 1, 0]
[0.99998063, 0.0039412002, -0.0048618349, 0.01274949;
  -0.0039418316, 0.99999255, -0.00011313046, 0.0011053464;
  0.004861129, 0.00013225086, 0.99998832, -0.0018469259]
[0.99905103, -0.0015405087, -0.043520294, 0.017257046;
  0.0012617952, 0.9999783, -0.0064294524, -0.0046314634;
  0.043529443, 0.0063683135, 0.9990316, -0.0043920632]
[0.99673289, -0.0034764328, -0.080696419, 0.012363401;
  0.0031199956, 0.99998534, -0.0045414013, -0.0036352775;
  0.080710962, 0.0042747702, 0.99672884, -0.0065193325]
[0.99540102, -0.0014375363, -0.095780484, 0.020836128;
  0.00053861015, 0.9999553, -0.0094087673, -0.0075359889;
  0.095789768, 0.0093138795, 0.99535781, -0.0054079546]
[0.99445808, 0.0086408965, -0.10477832, 0.013562608;
  -0.0072219372, 0.99987721, 0.013914341, 0.013917413;
  0.10488551, -0.013080368, 0.99439842, -0.0047536618]
[0.99460775, -0.0013807776, -0.10369715, 0.031019809;
  0.00091071904, 0.99998915, -0.0045812591, -0.003095333;
  0.10370222, 0.0044622198, 0.99459827, -0.0085792029]
[0.99431497, -0.0037355165, -0.10641529, 0.042451356;
  0.0031718144, 0.99998015, -0.0054657711, -0.002856618;
  0.10643385, 0.0050971857, 0.99430704, -0.0047296793]
[0.99348211, -0.0014781223, -0.11398255, 0.058796611;
  0.00033373781, 0.99994957, -0.010058191, -0.0081269713;
  0.11399157, 0.0099546406, 0.9934321, -0.0086615048]
[1, 0, 0, 0;
  0, 1, 0, 0;
  0, 0, 1, 0]
[0.95618409, 0.038384084, 0.29023805, -2.1187005e-07;
  -0.034039449, 0.99922013, -0.02000482, 7.0933268e-08;
  -0.29077956, 0.0092486925, 0.95674527, 5.055163e-08]
[0.99225086, 0.017573014, 0.12299556, -2.9297553e-07;
  -0.017640503, 0.9998436, -0.00054070883, 2.9206447e-08;
  -0.12298597, -0.0016331068, 0.99240625, 2.8055918e-08]
[0.99474555, 0.044395212, 0.092251085, -3.5662413e-07;
  -0.041223612, 0.99850059, -0.036007307, 1.3717189e-08;
  -0.093711339, 0.032015249, 0.99508435, 7.1893936e-08]
[0.76640981, -0.12371659, -0.63032538, -9.8119654e-07;
  0.079120502, 0.99198681, -0.098499112, 5.9357653e-08;
  0.63746059, 0.025619004, 0.7700569, 7.9665227e-08]
[0.97372931, 0.079384781, 0.21342258, -3.9099726e-07;
  -0.069136895, 0.99608588, -0.055071101, 1.8747201e-07;
  -0.21695906, 0.038869038, 0.97540665, 4.4633747e-08]
[0.93381423, 0.028038047, 0.35665795, -3.9789651e-07;
  -0.060799427, 0.99485981, 0.080978088, 1.3935528e-07;
  -0.3525542, -0.097303063, 0.93071902, 7.8215159e-08]
[0.90249532, -0.062967986, -0.42607206, -5.4213797e-07;
  0.020081777, 0.99433136, -0.10441256, -1.9630601e-08;
  0.43023145, 0.085675471, 0.89864385, 9.8007206e-08]
[0.98148125, 0.058932301, 0.18227001, -6.1793293e-07;
  -0.056546692, 0.99823332, -0.018262247, 7.8260186e-08;
  -0.18302415, 0.0076172072, 0.98307925, 7.1233892e-08]
[0.93009394, -0.027178418, -0.36631554, -6.5162982e-07;
  -0.016636625, 0.99311894, -0.11592475, 6.6168191e-08;
  0.36694559, 0.11391527, 0.92324138, 1.5208155e-07]
[0.90898752, -0.048038483, -0.41404539, -8.146219e-07;
  -0.0028169339, 0.99260575, -0.12134856, 2.228545e-08;
  0.41681325, 0.11147062, 0.9021312, 1.0820946e-07]
--------------------------------------
[1, 0, 0, 0;
  0, 1, 0, 0;
  0, 0, 1, 0]
[0.99999446, -0.0024577274, -0.0025151812, 0.015470074;
  0.0024530389, 0.99999571, -0.0018704321, -0.0015951043;
  0.0025200243, 0.0018642448, 0.99999553, 0.0025544497]
[0.99996436, 0.0014920533, -0.0083509106, 0.035059683;
  -0.0015258644, 0.99999088, -0.0040506362, -0.004049561;
  0.0083447425, 0.0040632715, 0.99995726, 0.0011898512]
[0.99998051, 0.0023353738, -0.0057858271, 0.05480168;
  -0.0023222594, 0.99999452, 0.0022679782, 0.0019840584;
  0.0057910569, -0.0022544854, 0.99998051, -0.00084037334]
[0.99984592, -0.0030221974, -0.017289475, 0.06569507;
  0.0029216858, 0.99997878, -0.0058356896, -0.0052744076;
  0.017306859, 0.0057842773, 0.99983364, -2.5911257e-05]
[0.99854243, -0.00079278235, -0.053977206, 0.076534651;
  0.00068866822, 0.99999833, -0.0019474835, -0.00040008308;
  0.053978592, 0.0019074796, 0.99854082, -0.0059528314]
[0.99603158, -0.0015938913, -0.088977978, 0.074146882;
  0.0012427929, 0.99999046, -0.0040012989, -0.0025533;
  0.088983446, 0.0038748928, 0.99602461, -0.003165381]
[0.9929539, -0.0081475452, -0.11822145, 0.078897119;
  0.0068931351, 0.99991554, -0.01101599, -0.013402838;
  0.11830123, 0.010123394, 0.99292612, -0.0043895822]
[0.99480361, -0.011925383, -0.10111196, 0.087481692;
  0.010253444, 0.99980253, -0.017039459, -0.017727876;
  0.10129526, 0.015914273, 0.9947294, 0.0042692535]
[1, 0, 0, 0;
  0, 1, 0, 0;
  0, 0, 1, 0]
[0.99988121, -0.00050705211, -0.015417728, 0;
  0.00050591229, 0.99999988, -7.2454459e-05, 0;
  0.015417755, 6.4481857e-05, 0.99988115, 0]
[0.99999148, -0.003709675, -0.0013908715, 0;
  0.0037167487, 0.99997956, 0.0051231151, 0;
  0.0013719307, -0.0051282835, 0.99998534, 0]
[0.99995673, -0.0089198006, -0.002812807, 0;
  0.0089321481, 0.99995089, 0.0044178371, 0;
  0.0027731278, -0.004442588, 0.99998677, 0]
[0.99975699, 0.0061078477, 0.021178175, 0;
  -0.0060196258, 0.999973, -0.0042276783, 0;
  -0.021203496, 0.0040991469, 0.99976671, 0]
[0.99966711, 0.0040300367, -0.025488853, 0;
  -0.0041551003, 0.99997956, -0.004854071, 0;
  0.025468796, 0.0049582934, 0.99966329, 0]
[0.99964005, -0.012596287, -0.02367669, 0;
  0.01291025, 0.99982989, 0.013153353, 0;
  0.023507055, -0.013454356, 0.99963289, 0]
[0.99942929, -0.018496217, -0.028259797, 0;
  0.019590721, 0.99904883, 0.038955003, 0;
  0.027512506, -0.0394863, 0.99884111, 0]
[0.99652833, -0.0064096167, -0.08300747, 0;
  0.0072004953, 0.99993134, 0.0092320526, 0;
  0.08294268, -0.0097976904, 0.99650604, 0]
[0.99114317, -0.026817137, -0.13006029, 0;
  0.036085896, 0.99693316, 0.069440849, 0;
  0.12779889, -0.073519357, 0.98907131, 0]
[0.9998126, -0.0065556653, -0.018217992, 0;
  0.0072014951, 0.99933994, 0.035614762, 0;
  0.017972482, -0.03573925, 0.99919975, 0]
--------------------------------------
--------------------------------------
[1, 0, 0, 0;
  0, 1, 0, 0;
  0, 0, 1, 0]
[0.9999975, 0.0015700534, 0.0010549088, 0.013014123;
  -0.0015693583, 0.99999785, -0.00058893528, 0.00053336611;
  -0.001055469, 0.00058723555, 0.99999851, 0.0013131688]
[0.99999052, -0.003804201, -0.0021609173, 0.018055301;
  0.0038275667, 0.99993354, 0.010879829, 0.0054043038;
  0.0021192192, -0.010888146, 0.99993855, -0.00039317278]
[0.99999273, -0.0037810567, -0.00096558413, 0.031196928;
  0.0037929448, 0.99991292, 0.012668904, 0.0057860049;
  0.00091779593, -0.012672377, 0.99991953, 0.0023908075]
[0.99991822, -0.0096963635, -0.0083359824, 0.032316912;
  0.0099179791, 0.99958706, 0.026971538, 0.0063377041;
  0.0080709569, -0.027052069, 0.99960142, -0.0011758943]
[0.99995816, -0.0037476122, -0.0082890261, 0.051995724;
  0.0038503117, 0.99991518, 0.012406186, 0.0064757518;
  0.0082416702, -0.012437528, 0.9998883, 0.0061525912]
[0.99997401, -0.0019668005, -0.0069314698, 0.060448352;
  0.0020315601, 0.99995399, 0.0093469815, 0.0073512672;
  0.0069128508, -0.0093607716, 0.99993205, 0.0085444031]
[0.99995536, -0.0029378128, -0.0089097023, 0.073951639;
  0.0030377381, 0.99993187, 0.011223575, -0.0029630153;
  0.0088762296, -0.011250165, 0.99989653, 0.012525548]
[0.99990427, -0.013207231, -0.0042665498, 0.077811249;
  0.013305278, 0.99962747, 0.023854876, 0.011009838;
  0.0039499295, -0.023909327, 0.99970692, 0.008700287]
[0.99997604, -0.0033241538, -0.0061188275, 0.067807481;
  0.0034072725, 0.99990177, 0.013623235, -0.0035025012;
  0.0060728556, -0.013643762, 0.99988878, 0.0033057181]
[0.99999011, 0.00034658576, -0.004414368, 0.13209234;
  -0.00029534599, 0.99993259, 0.011605031, -0.0020097042;
  0.0044182362, -0.011603566, 0.99992299, 0.02511589]
[1, 0, 0, 0;
  0, 1, 0, 0;
  0, 0, 1, 0]
[0.99999523, -0.00054568762, -0.0032053152, 0.01215623;
  0.00054851308, 0.99999964, 0.00087851385, 0.0057990751;
  0.0032049718, -0.000880295, 0.99999458, 0.0021865731]
[0.9999975, 0.0015458274, -0.0016656785, 0.015924208;
  -0.0015436466, 0.99999785, 0.0013019753, -0.0034373491;
  0.0016675664, -0.0012993623, 0.99999785, 0.0031073471]
[0.99999779, -0.0012620871, 0.0019100084, 0.027132969;
  0.0012399671, 0.99993318, 0.01151515, -0.0052592559;
  -0.0019243633, -0.011512723, 0.99993205, 0.0014012553]
[0.99998921, -0.0013786176, -0.0044601168, 0.050264258;
  0.0014338903, 0.99992222, 0.012419827, 0.018880516;
  0.0044424613, -0.012426049, 0.99991316, 0.0026518195]
[0.99999088, -0.0031997997, 0.0028978155, 0.05609725;
  0.0031649191, 0.99992347, 0.011960424, -0.00882948;
  -0.0029357041, -0.011951168, 0.99992424, 0.0045080706]
[1, 0, 0, 0;
  0, 1, 0, 0;
  0, 0, 1, 0]
[0.99999601, 0.0028498489, -0.00046609191, 0.013346371;
  -0.0028503288, 0.99999589, -0.00099434936, 0.00025110936;
  0.00046335725, 0.00099574018, 0.99999976, 0.00067350391]
[0.99999976, -0.00061218679, -0.00046780746, 0.025163215;
  0.00061442319, 0.99998885, 0.0046542757, 0.0047311718;
  0.00046497368, -0.0046544769, 0.99998915, 0.00032650697]
[0.99998868, -0.0046172589, 0.001006644, 0.035263609;
  0.0046080528, 0.99994922, 0.0089475242, 0.0082183965;
  -0.001048166, -0.0089429114, 0.99995953, -0.0024103203]
[0.99998915, -0.0046263468, -0.00063719251, 0.047567096;
  0.0046295025, 0.99997693, 0.0049830824, 0.0032448962;
  0.00061408652, -0.0049860105, 0.99998754, -0.00076027756]
[0.99994951, -0.010043981, -0.00039573669, 0.058948878;
  0.010048008, 0.99987835, 0.011929516, 0.010079474;
  0.00027571086, -0.011932942, 0.99992901, -0.00061044755]
[0.99997872, -0.0048339795, -0.0043930174, 0.070688419;
  0.0048404736, 0.9999873, 0.0014680054, -0.00039499873;
  0.0043858634, -0.0014892338, 0.99998933, 0.0056802398]
[0.99993873, -0.0098680807, -0.0050601675, 0.083062559;
  0.0099183889, 0.99990118, 0.010012174, 0.0072612292;
  0.0049606343, -0.010061786, 0.99993747, 0.0062799384]
[0.99990773, -0.013303901, -0.002896159, 0.094099358;
  0.01334556, 0.9998005, 0.01488371, 0.011733674;
  0.0026974371, -0.014920932, 0.99988568, 0.0016605803]
[0.99994433, -0.0080589447, -0.00681207, 0.10709516;
  0.0081011904, 0.99994797, 0.0061936518, 0.0038067093;
  0.0067616799, -0.0062485323, 0.99995774, 0.0073938183]
[0.99980843, -0.019324372, -0.0030959987, 0.1188404;
  0.019394636, 0.99950981, 0.024564074, 0.02207567;
  0.0026199149, -0.024619414, 0.99969339, 0.00084657152]
[1, 0, 0, 0;
  0, 1, 0, 0;
  0, 0, 1, 0]
[0.99999523, -0.0030702548, 0.0010594098, 0.022393703;
  0.0030685572, 0.99999464, 0.0014898994, 0.0047300486;
  -0.0010639569, -0.0014865772, 0.99999887, 0.0049542272]
[0.99997014, 2.7166267e-05, -0.0077427928, 0.039191172;
  -4.1290947e-05, 0.99999857, -0.0018248662, 0.00075203326;
  0.0077429097, 0.0018251353, 0.99996841, 0.0089065572]
[0.99999422, -0.0032520755, -0.0011000857, 0.058564972;
  0.0032540665, 0.99999315, 0.0017945716, 0.0067621917;
  0.0010940434, -0.0017980849, 0.99999762, 0.005775332]
[0.99997073, 0.00042955184, -0.0076233693, 0.080162875;
  -0.00045389641, 0.99999452, -0.003194144, 0.0010446106;
  0.0076219826, 0.0031975182, 0.99996573, 0.011221678]
[0.99992776, 0.0035026311, -0.011521165, 0.099611409;
  -0.0036266351, 0.99993581, -0.010756741, -0.0090954322;
  0.011482805, 0.010797771, 0.9998762, 0.01655191]
[0.99997538, -0.0066602756, -0.0023201746, 0.12510429;
  0.0066722701, 0.99996436, 0.0052071512, 0.015738145;
  0.0022854144, -0.0052225138, 0.9999842, 0.0086857751]
[0.9999671, -0.0065168813, -0.0047543137, 0.14791772;
  0.0065317829, 0.99997342, 0.0031276813, 0.01500731;
  0.0047339192, -0.0031587195, 0.99998355, 0.017392311]
[0.99984968, -0.0097860787, -0.014328961, 0.16110049;
  0.0098614972, 0.99993801, 0.0052010966, 0.019760713;
  0.014277177, -0.0053416579, 0.99988401, 0.023486791]
[0.99994558, -0.0058966498, -0.0085936189, 0.18593061;
  0.0058943285, 0.99998242, -0.00029446415, 0.013331904;
  0.008595218, 0.00024382949, 0.99996281, 0.025773395]
[0.99984473, -0.006787817, -0.016267287, 0.20391145;
  0.0068022106, 0.99997663, 0.00082718837, 0.016785162;
  0.016261283, -0.00093773752, 0.99986738, 0.029127339]
[0.99971712, -0.011506762, -0.020797361, 0.21791013;
  0.0116051, 0.99992168, 0.0046157907, 0.023686443;
  0.020742605, -0.0048558651, 0.99977255, 0.02925179]
[1, 0, 0, 0;
  0, 1, 0, 0;
  0, 0, 1, 0]
[0.99999243, 0.00079161208, -0.0037764306, 0.015247085;
  -0.00079840963, 0.99999774, -0.0018014609, -6.8790992e-05;
  0.0037750001, 0.0018044813, 0.99999088, 0.0029142844]
[0.99999535, -0.0014316145, -0.0026000869, 0.030737406;
  0.0014344271, 0.99999821, 0.0010793667, 0.0021671366;
  0.0025984002, -0.0010831057, 0.99999571, 0.0058106976]
[0.99995768, -0.0082588121, -0.0040726527, 0.043588512;
  0.0083073489, 0.99989301, 0.012036794, 0.011078847;
  0.0039729718, -0.012070073, 0.99991912, -0.00030493771]
[0.9999963, -0.0016469189, -0.0020535181, 0.060202256;
  0.0016501768, 0.9999972, 0.0016112147, 0.00087326125;
  0.002050743, -0.0016145403, 0.99999648, 0.0020531451]
[0.99998462, -0.0031305237, -0.0046173637, 0.074500345;
  0.0031373031, 0.99999404, 0.0014582917, 0.0026691514;
  0.0046128021, -0.0014727468, 0.99998856, 0.007346605]
[0.99994886, -0.0012813471, -0.010053434, 0.088959739;
  0.001238565, 0.99999028, -0.00425951, -0.001838629;
  0.010058709, 0.0042468612, 0.99994057, 0.012827192]
[0.99996525, -0.0050854301, -0.00657218, 0.10607924;
  0.0051080729, 0.99998087, 0.0034323854, 0.0050850715;
  0.0065546958, -0.0034658271, 0.99997216, 0.012717385]
[0.99981254, 0.0010844007, -0.019323369, 0.11630841;
  -0.0012578177, 0.99995905, -0.0089642657, -0.0056501287;
  0.019312801, 0.0089869136, 0.99977303, 0.019324046]
[0.99980944, 0.0055812346, -0.018734548, 0.13020755;
  -0.0058820848, 0.99985468, -0.016045641, -0.012565307;
  0.018642232, 0.016152838, 0.99969643, 0.019401062]
[0.99963331, 0.011554781, -0.024461439, 0.14511248;
  -0.012052409, 0.99972057, -0.020297758, -0.017634951;
  0.024220377, 0.020585148, 0.99949378, 0.025378583]
[0.99984622, 0.0013232736, -0.017488314, 0.1615295;
  -0.0014586614, 0.99996924, -0.0077320426, -0.0046238471;
  0.017477583, 0.0077563603, 0.99981731, 0.021258594]
--------------------------------------
[1, 0, 0, 0;
  0, 1, 0, 0;
  0, 0, 1, 0]
[0.99999911, 0.0010963603, -0.00094913458, 0.011619626;
  -0.0010964093, 0.99999964, -5.7082591e-05, 0.0021804937;
  0.00094913377, 5.811769e-05, 0.9999997, 0.0016686209]
[0.99999601, -0.0023328429, -0.0016031212, 0.023951162;
  0.0023452525, 0.99996793, 0.007754927, 0.0015390641;
  0.001584906, -0.0077586062, 0.99996901, 0.0033426583]
[0.9999702, -0.0063159876, -0.0045243045, 0.02867518;
  0.006386939, 0.99985385, 0.015865959, 0.0070563084;
  0.00442367, -0.015894117, 0.99986404, 0.001237448]
[0.99995267, 0.0062301066, -0.0075440621, 0.035664763;
  -0.0062492494, 0.99997783, -0.0025115327, -0.0062340149;
  0.0075283013, 0.0025585622, 0.99996901, 0.0051235021]
[0.99994928, -0.003488475, -0.0095382025, 0.052593548;
  0.0035993166, 0.99992645, 0.011628895, 0.006592805;
  0.0094970083, -0.01166258, 0.99988747, 0.0066365083]
[0.99995959, -0.0028459956, -0.0085643772, 0.059603162;
  0.0029332386, 0.99994409, 0.010190761, 0.007744913;
  0.0085348999, -0.010215459, 0.99991173, 0.0082253981]
[0.99995756, -0.0044620167, -0.0080265524, 0.073486954;
  0.0045748563, 0.99988973, 0.014101778, -0.0014756041;
  0.0079627661, -0.014137874, 0.99986809, 0.011392497]
[0.99990517, -0.013538688, -0.0027076211, 0.081679381;
  0.013601486, 0.99960226, 0.024719156, 0.0095292758;
  0.002371551, -0.024753563, 0.99969137, 0.0096061947]
[0.99997997, -0.003500521, -0.0053584697, 0.068301231;
  0.0035735217, 0.99990052, 0.013671118, -0.0031714877;
  0.005309971, -0.013690016, 0.99989277, 0.0032504899]
[0.99992508, -0.0037360396, -0.011616553, 0.1289352;
  0.00390825, 0.99988174, 0.014834231, 2.2323988e-05;
  0.011559712, -0.014878605, 0.99982208, 0.02474476]
[1, 0, 0, 0;
  0, 1, 0, 0;
  0, 0, 1, 0]
[0.99999422, -0.00085265329, -0.0034031114, 0.060146429;
  0.00085726281, 0.99999905, 0.0013795168, 0.020139407;
  0.0034019067, -0.0013823974, 0.99999356, 0.016562393]
[0.99999845, -0.0012412191, -0.00091298227, 0.041261315;
  0.0012471962, 0.99997699, 0.0066103614, -0.0065861791;
  0.00090479065, -0.0066114296, 0.99997729, 0.0071109543]
[1.0000001, -5.9843474e-05, 0.00024067677, 0.059454206;
  5.8034439e-05, 0.99996907, 0.0078752665, 0.020616852;
  -0.00024098373, -0.0078752302, 0.99996895, -0.018338082]
[0.99997342, 0.003899168, -0.0061759627, 0.12335921;
  -0.0038944366, 0.99999219, 0.00077410071, -0.014439818;
  0.0061788163, -0.00075006986, 0.99998081, 0.008107801]
[0.99997514, -0.0050318106, 0.0048711258, 0.12045353;
  0.0049479725, 0.99984157, 0.0170874, 0.009716128;
  -0.0049563921, -0.017062791, 0.99984181, -0.0053716386]
[1, 0, 0, 0;
  0, 1, 0, 0;
  0, 0, 1, 0]
[0.9999947, 0.0029898596, -0.0014943492, 0.0029019732;
  -0.0029922032, 0.99999404, -0.0015468209, 9.3818322e-05;
  0.00148962, 0.0015513188, 0.99999762, 0.0008445048]
[1.0000001, 0.00044262232, 7.0263632e-05, 0.0034177874;
  -0.00044283163, 0.9999966, 0.0026841119, 0.0015072247;
  -6.9182737e-05, -0.0026841611, 0.99999678, 0.00046612491]
--------------------------------------
[1, 0, 0, 0;
  0, 1, 0, 0;
  0, 0, 1, 0]
[0.99999839, 0.0018500645, 0.00047069739, 0.012967;
  -0.0018496056, 0.99999815, -0.00086728117, -0.00083587464;
  -0.00047257045, 0.00086646614, 0.99999994, 0.001800146]
[0.99999231, -0.0035146051, -0.0017447963, 0.024720291;
  0.0035331175, 0.99993712, 0.010645875, 0.002981673;
  0.0017070712, -0.01065224, 0.99994195, 0.0032095115]
[0.99998134, -0.0054491279, -0.0026822397, 0.036114484;
  0.0054892516, 0.99986881, 0.01524404, 0.0071329623;
  0.0025986787, -0.015258509, 0.99988002, 0.0041806637]
[0.9999795, 0.0014448058, -0.0062039834, 0.037231945;
  -0.0014179761, 0.99998933, 0.0043264725, -0.0051316638;
  0.0062100994, -0.0043175807, 0.99997121, 0.0058580958]
[0.99991775, -0.00055847975, -0.0128644, 0.056408156;
  0.00064024556, 0.99998021, 0.0063519124, 0.0017951772;
  0.012860599, -0.0063597448, 0.99989766, 0.010704758]
[0.99994683, -0.0025078461, -0.01000509, 0.057662774;
  0.0026008829, 0.99995327, 0.0092902761, 0.0084949983;
  0.0099813975, -0.0093158185, 0.99990666, 0.0079562087]
[0.99994332, -0.0079998402, -0.0069861761, 0.072264686;
  0.0081392992, 0.99976331, 0.02016395, -0.015394896;
  0.006823285, -0.020219615, 0.99977201, 0.014510056]
[0.99991173, -0.012291852, -0.0050478261, 0.083870165;
  0.012399049, 0.99968618, 0.021764135, 0.0098947035;
  0.0047787535, -0.021824997, 0.99975049, 0.011889341]
[0.99994504, -0.0087752892, -0.0058336374, 0.067816965;
  0.0089012347, 0.99972016, 0.021940127, 0.0018532277;
  0.0056395615, -0.021990839, 0.99974275, 0.0016704031]
[0.99995005, -0.003049332, -0.0095582865, 0.12395985;
  0.0031941971, 0.9998799, 0.015181362, 0.0005840314;
  0.0095109437, -0.01521122, 0.99983937, 0.022262834]
[1, 0, 0, 0;
  0, 1, 0, 0;
  0, 0, 1, 0]
[0.99999869, -0.0005101483, -0.0016152116, 0.020789664;
  0.0005119266, 0.99999952, 0.0011001599, 0.0051264726;
  0.001614608, -0.0011010794, 0.99999809, 0.0049105762]
[0.99999905, -0.0012874602, 0.00035317539, 0.015037004;
  0.0012847323, 0.9999696, 0.0077127432, -0.00014576003;
  -0.00036277171, -0.0077122911, 0.99997008, -0.00019251998]
[0.99999464, 0.0031231015, 0.00065756158, 0.021899788;
  -0.0031243258, 0.99999332, 0.0017841931, 0.0049886797;
  -0.00065206306, -0.0017862428, 0.99999803, 0.0022935409]
[0.99998719, 0.00055367069, -0.0049575861, 0.039476205;
  -0.00051535369, 0.99996984, 0.0077265371, 0.01262254;
  0.0049617854, -0.0077238837, 0.99995738, 0.0020928443]
[0.9999972, 0.0019448308, -0.0013459214, 0.063389689;
  -0.0019429758, 0.99999702, 0.0013500564, 0.0052143801;
  0.0013487138, -0.0013474707, 0.99999791, 0.0089361742]
[1, 0, 0, 0;
  0, 1, 0, 0;
  0, 0, 1, 0]
[0.99999601, 0.0027271674, -0.0007620895, 0.0094460947;
  -0.0027278273, 0.99999583, -0.00091080612, 0.00031207217;
  0.00075976516, 0.00091284525, 0.99999923, 0.001126117]
[0.99999994, -0.00039892588, 2.7744469e-05, 0.02564121;
  0.0003988102, 0.99998999, 0.0044863801, 0.0072987527;
  -2.9520639e-05, -0.004486206, 0.99998957, 0.0076606548]
[1, 0, 0, 0;
  0, 1, 0, 0;
  0, 0, 1, 0]
[0.99999005, -0.0030740642, 0.003309513, 0.014363188;
  0.0030537087, 0.99997693, 0.0061031394, 0.0058547254;
  -0.0033282738, -0.0060928795, 0.99997628, -0.0042532054]
[0.99997962, -0.0060369968, 0.0021917275, 0.029713454;
  0.0060262582, 0.99997002, 0.0048745475, 0.0032973322;
  -0.0022209962, -0.0048612738, 0.99998593, -0.003312178]
[0.99995607, -0.0092493305, -0.0012362285, 0.04098988;
  0.0092567103, 0.99993807, 0.0061104, 0.0055204602;
  0.0011796657, -0.0061215525, 0.99998033, 0.0011106096]
[0.99997777, -0.0057264962, -0.0036150597, 0.055656239;
  0.0057258126, 0.99998409, -0.00019940241, -0.0029049702;
  0.003616171, 0.00017872229, 0.99999398, 0.0056171883]
[0.99994183, -0.0071263006, -0.0081304833, 0.068443447;
  0.0071451436, 0.99997205, 0.0022906878, -0.00090510299;
  0.0081139514, -0.0023486486, 0.99996454, 0.0092512313]
[0.99993813, -0.010837611, -0.0025607951, 0.08375451;
  0.010857707, 0.99990934, 0.0079963086, 0.0053955996;
  0.0024739197, -0.0080235731, 0.99996489, 0.0018944852]
[0.99995291, -0.007218923, -0.0065025757, 0.098219946;
  0.0072327671, 0.99997169, 0.0021091858, -0.0011492727;
  0.0064871507, -0.0021561345, 0.99997675, 0.0061384663]
[0.99977106, -3.3217497e-05, -0.021406662, 0.10544874;
  -0.00020388614, 0.99993896, -0.011077038, -0.017754043;
  0.021405688, 0.011078867, 0.99970967, 0.013196576]
[0.99973303, -0.00077607692, -0.023091014, 0.12404338;
  0.00053510623, 0.99994528, -0.010440068, -0.013138052;
  0.023097873, 0.010424882, 0.99967891, 0.028571356]
[0.99974215, -0.013109317, -0.018562509, 0.14272374;
  0.013245163, 0.99988651, 0.007214779, 0.010048004;
  0.018465795, -0.0074587674, 0.99980199, 0.016200814]
[0.99980831, -0.016109996, -0.011147727, 0.1553942;
  0.016208513, 0.99983019, 0.0088071404, 0.011352798;
  0.011003667, -0.0089862822, 0.99989945, 0.009838976]
[0.99978936, -0.014057354, -0.014927401, 0.17535684;
  0.014186394, 0.99986213, 0.0085758921, 0.01185274;
  0.014804894, -0.0087857731, 0.99985123, 0.011694022]
[1, 0, 0, 0;
  0, 1, 0, 0;
  0, 0, 1, 0]
[0.99999857, -0.0012767962, -0.0012179126, 0.018780144;
  0.0012755361, 0.99999875, -0.0010614912, -0.00015546149;
  0.0012194652, 0.0010599777, 0.99999899, 0.0042241667]
[0.99997985, -0.0058087148, -0.0027439019, 0.034224361;
  0.0058169854, 0.99997902, 0.0030021186, 0.0074322876;
  0.0027265763, -0.0030179815, 0.99999201, 0.0056135803]
[0.99996024, -0.0087586492, -0.0019373456, 0.053137042;
  0.0087727364, 0.99993485, 0.0073550451, 0.013161498;
  0.0018725594, -0.0073721264, 0.99997157, 0.005559884]
[0.9999367, -0.0047843694, -0.010207646, 0.06860812;
  0.0047831801, 0.99998856, -0.00014098721, 0.0056539658;
  0.010208394, 9.2143055e-05, 0.9999482, 0.017228467]
[0.99997324, -0.0021775216, -0.0070086173, 0.088366754;
  0.0021525749, 0.99999136, -0.003561435, 0.002821642;
  0.0070163575, 0.0035462554, 0.99996912, 0.018691719]
[0.99991405, -0.0011849727, -0.013068844, 0.10435324;
  0.0011257343, 0.99998921, -0.0045406106, 0.0029206232;
  0.013074134, 0.0045255171, 0.99990433, 0.021596745]
[0.99989873, -0.010352654, -0.0097653382, 0.12194498;
  0.010417229, 0.99992418, 0.0065859519, 0.017345835;
  0.0096962769, -0.0066869906, 0.99993068, 0.017536446]
[0.99976301, -0.016116383, -0.014635039, 0.1368548;
  0.016311442, 0.99977851, 0.013309778, 0.027845236;
  0.014417245, -0.013545454, 0.99980444, 0.016165528]
[0.99963522, -0.023529157, 0.01332431, 0.1672131;
  0.022956941, 0.99887156, 0.041591864, 0.053318985;
  -0.014287665, -0.041270725, 0.99904639, -0.0039901808]
[0.99969709, -0.019600313, -0.014842867, 0.17056264;
  0.019884041, 0.9996171, 0.019216526, 0.032101873;
  0.014460484, -0.019505803, 0.9997046, 0.015871733]
[0.99979562, -0.012747807, -0.015702875, 0.18845326;
  0.012886052, 0.99987894, 0.0087320637, 0.019202568;
  0.01558955, -0.0089326454, 0.99983883, 0.020301715]
[1, 0, 0, 0;
  0, 1, 0, 0;
  0, 0, 1, 0]
[0.99998897, 0.0013398459, -0.0044450155, 0.018171081;
  -0.0013533235, 0.99999416, -0.0030472842, -0.0020395829;
  0.0044409377, 0.0030533099, 0.99998516, 0.0084626796]
[0.99998832, -0.0044716992, -0.0017639881, 0.040827181;
  0.0044757021, 0.99998736, 0.0022991092, 0.0059664198;
  0.0017536883, -0.0023069431, 0.99999571, 0.0074538505]
[0.99994779, 0.0039319433, -0.0094701266, 0.057474803;
  -0.0040046326, 0.99996293, -0.0076700374, -0.007449056;
  0.0094396994, 0.0077075823, 0.99992603, 0.017204784]
[0.99991083, 0.005469772, -0.012243352, 0.076183185;
  -0.0056169028, 0.99991262, -0.012025763, -0.010860153;
  0.012176529, 0.012093164, 0.99985337, 0.020180641]
[0.99995905, -0.0030122588, -0.0085494658, 0.095111758;
  0.0029869177, 0.99999142, -0.0029752739, 0.0015649968;
  0.0085583907, 0.0029496129, 0.99995917, 0.016841857]
[0.99986929, -0.0019413601, -0.016028974, 0.11167007;
  0.0019069382, 0.99999565, -0.0021626924, 0.0023586338;
  0.016033113, 0.0021318346, 0.99986887, 0.021928441]
[0.99996197, 0.0030417317, -0.0082121128, 0.13724989;
  -0.003106737, 0.99996424, -0.0079110023, -0.0049781147;
  0.0081876023, 0.0079361983, 0.99993539, 0.024199631]
[0.9999522, -0.0080765784, -0.0054309685, 0.15608561;
  0.0081261629, 0.99992454, 0.0091713006, 0.014746377;
  0.0053565027, -0.0092149517, 0.99994278, 0.018297542]
[0.99990702, -0.0029076817, -0.013288549, 0.17169097;
  0.0029189268, 0.99999511, 0.00082862732, 0.0044437209;
  0.013286117, -0.00086733303, 0.99991089, 0.026603427]
[0.99987781, 0.010886032, -0.0112551, 0.1978974;
  -0.011080642, 0.99978763, -0.017372353, -0.019082399;
  0.011063602, 0.017494943, 0.99978596, 0.031707935]
[0.99983782, 0.016440926, -0.0073693674, 0.22020605;
  -0.016565161, 0.99971628, -0.017123388, -0.023061095;
  0.0070856926, 0.017242769, 0.99982655, 0.032621801]
--------------------------------------
[1, 0, 0, 0;
  0, 1, 0, 0;
  0, 0, 1, 0]
[0.99999988, -0.00031642808, -0.00079833821, 0.01217879;
  0.00031834136, 0.99999726, 0.0023855907, -0.00047246297;
  0.00079772802, -0.0023857935, 0.99999696, 0.0014718185]
[0.9999817, 0.0055479594, -0.0022971493, 0.026039639;
  -0.005554751, 0.99997997, -0.0029589804, -0.0036533386;
  0.0022807308, 0.0029717188, 0.99999261, 0.0062725712]
[0.99999958, 0.00063365186, 0.00027071682, 0.037421867;
  -0.0006349085, 0.99998987, 0.004420294, 0.0029160932;
  -0.00026807783, -0.0044205124, 0.99999017, 0.0058898563]
[0.99998838, -0.0021505042, -0.0043988805, 0.037429538;
  0.0021968316, 0.999942, 0.010574562, -0.0016412989;
  0.0043758298, -0.010584133, 0.99993485, 0.0041651181]
[0.99989581, 0.00050628884, -0.014414963, 0.053800881;
  -0.00043936452, 0.99998897, 0.0046452591, 0.0011680985;
  0.014417204, -0.0046384721, 0.99988532, 0.010241633]
[0.99997848, -0.0036728354, -0.005445634, 0.058153905;
  0.0037404143, 0.99991542, 0.012452051, 0.0097575206;
  0.005399582, -0.012472224, 0.99990767, 0.0067160116]
[0.99995989, -0.0065734857, -0.0061324323, 0.071776219;
  0.0066826786, 0.99981642, 0.017961018, -0.015111198;
  0.0060132463, -0.018001439, 0.99982029, 0.014875516]
[0.99990118, -0.013476029, -0.0040691886, 0.088629447;
  0.013571294, 0.99961162, 0.02434811, 0.0092124185;
  0.0037396795, -0.024400968, 0.99969536, 0.012418505]
[0.99997109, -0.0056459275, -0.0051717549, 0.093271419;
  0.0057325317, 0.99984115, 0.016904525, -0.0026307886;
  0.0050754412, -0.01693365, 0.99984425, 0.012098718]
[0.99995434, -0.002414901, -0.0093034562, 0.12261648;
  0.002545727, 0.99989796, 0.014069354, 0.00055929238;
  0.0092685735, -0.014092372, 0.99985808, 0.02255661]
[1, 0, 0, 0;
  0, 1, 0, 0;
  0, 0, 1, 0]
[0.99996954, -0.004131346, -0.0064776936, 0.029218843;
  0.0041636587, 0.99997795, 0.0050006802, 0.011315912;
  0.0064567602, -0.0050276071, 0.99996567, 0.0033597383]
[1.0000002, -0.00049799937, 0.00020597472, 0.038885176;
  0.00049684476, 0.99998331, 0.0057885014, 0.0066586528;
  -0.00020871258, -0.0057883137, 0.99998343, 0.0025909177]
[0.99999171, -0.0013395945, 0.0038942918, 0.05194442;
  0.0012871451, 0.99990964, 0.013413886, 0.0051369402;
  -0.0039117597, -0.013408633, 0.99990237, -0.0012623345]
[1, 0, 0, 0;
  0, 1, 0, 0;
  0, 0, 1, 0]
[0.99999368, -0.000155741, -0.0035152652, 0.0020515847;
  0.00016819377, 0.99999368, 0.0035604204, 0.00045145047;
  0.0035146356, -0.0035609973, 0.9999876, -0.00057553413]
[0.99999821, -0.0019652476, 0.0002648347, 0.0042665405;
  0.0019648906, 0.99999732, 0.0012803366, 0.00063727127;
  -0.00026747902, -0.0012798087, 0.99999928, 0.0004480714]
[0.99994439, 0.0082864668, -0.0065324958, 0.0064717499;
  -0.0083685238, 0.99988532, -0.012637774, 1.5358397e-05;
  0.0064270729, 0.012691615, 0.99989891, 0.0012041032]
[1, 0, 0, 0;
  0, 1, 0, 0;
  0, 0, 1, 0]
[0.99999797, -0.0016208909, -0.0006810897, 0.056005009;
  0.0016220626, 0.99999696, 0.0018577765, 0.0040865345;
  0.00067811791, -0.0018588881, 0.99999803, 0.0069048456]
[0.99998385, -0.0055633271, 0.0011619634, 0.1041556;
  0.0055552255, 0.99996126, 0.0068354346, 0.023290217;
  -0.0011999574, -0.0068287933, 0.99997592, -0.0065951701]
[0.99996561, -0.0080550518, 0.0019366664, 0.16705889;
  0.0080396496, 0.999937, 0.0078350911, 0.021030433;
  -0.0019994164, -0.0078192269, 0.99996722, -0.0085900724]
[0.99995649, -0.0092970226, -0.0007887744, 0.2160275;
  0.0093015935, 0.99993867, 0.0060128989, 0.015912417;
  0.00073288986, -0.0060199876, 0.99998164, 0.012351378]
[0.99991667, -0.012803401, 0.0012346951, 0.27711803;
  0.012788153, 0.99984968, 0.011661888, 0.035765182;
  -0.00138381, -0.011645078, 0.9999305, 0.0018316238]
[0.99991792, -0.011101935, -0.0064666807, 0.32144347;
  0.011153995, 0.99990565, 0.0080693392, 0.0192037;
  0.0063764555, -0.0081408294, 0.99994713, 0.034992132]
[0.99990684, -0.012732125, -0.0049351971, 0.37313071;
  0.012780691, 0.99986893, 0.0099367676, 0.026657026;
  0.0048081973, -0.0099988272, 0.99993837, 0.020773398]
[0.99990708, -0.011878909, -0.0066499752, 0.43160346;
  0.011933489, 0.99989474, 0.0082334206, 0.019788072;
  0.0065515493, -0.0083119422, 0.99994361, 0.028225012]
[0.99993682, -0.0045077363, -0.010328381, 0.49197912;
  0.0044799894, 0.99998659, -0.0027077638, -0.02519298;
  0.01034042, 0.0026612889, 0.99994332, 0.064923815]
[0.999946, -0.0077930614, -0.0068757297, 0.57209438;
  0.0077822604, 0.99996835, -0.0015943365, -0.010583605;
  0.0068879453, 0.0015407526, 0.99997503, 0.087897047]
[0.99970931, -0.011284134, -0.021294177, 0.60197639;
  0.011372883, 0.99992687, 0.0040506888, 0.020562543;
  0.021246918, -0.0042916811, 0.99976486, 0.090472989]
[0.99957484, -0.029161287, 0.00042896176, 0.67417639;
  0.029130459, 0.99901193, 0.033570141, 0.14900763;
  -0.001407492, -0.033543363, 0.99943656, 0.0054551614]
[0.99940079, -0.012001283, -0.032480139, 0.68275857;
  0.012054048, 0.99992663, 0.0014285011, 0.012073191;
  0.032460742, -0.0018191674, 0.99947184, 0.08649382]
--------------------------------------
--------------------------------------
[1, 0, 0, 0;
  0, 1, 0, 0;
  0, 0, 1, 0]
[0.99999595, -0.0028042116, 0.00019250794, 0.0076029333;
  0.0028036698, 0.99998879, 0.0038231036, 0.0018761976;
  -0.0002032245, -0.0038226943, 0.99999279, 0.00074779242]
[0.99999362, -0.0033689972, -0.0012089397, 0.0176144;
  0.0033762837, 0.99997658, 0.0059696417, 0.0022585541;
  0.0011887128, -0.0059735719, 0.99998128, 0.002865775]
[0.99993759, -0.0096124252, 0.0056086741, 0.028132284;
  0.0094238371, 0.99941903, 0.0327443, 0.0091112508;
  -0.0059205908, -0.03268965, 0.99944758, -0.00036683207]
[0.99996346, -0.0076736859, -0.0037439377, 0.035651661;
  0.0077327648, 0.99984151, 0.016050152, 0.0077909171;
  0.0036201074, -0.016078696, 0.99986434, 0.0030955703]
[0.9999789, -0.0065118815, 0.00023051491, 0.045072805;
  0.0065082675, 0.99989021, 0.01330098, -0.0068853535;
  -0.00031713076, -0.013299152, 0.99991149, 0.011193263]
[0.9999032, -0.012605505, 0.0059309481, 0.0564522;
  0.012415926, 0.99944162, 0.031011196, 0.0077550882;
  -0.0063183126, -0.030934479, 0.99950147, 0.0034992159]
[0.99991536, -0.01166619, 0.0057795802, 0.061716199;
  0.01149194, 0.99950337, 0.029333653, 0.0077067469;
  -0.0061188973, -0.029264593, 0.99955314, 0.0034925058]
[0.9998191, -0.01406318, 0.012855313, 0.093653016;
  0.013563097, 0.99917942, 0.038182639, 0.021498131;
  -0.013381642, -0.038001198, 0.99918866, 0.0022675421]
[0.99978584, -0.013702035, 0.015496753, 0.082381479;
  0.013030631, 0.99900621, 0.042626858, 0.011736386;
  -0.016065383, -0.042415831, 0.99897069, 0.001836121]
[0.99966675, -0.015559013, 0.020625869, 0.086985767;
  0.0145766, 0.99879152, 0.046945654, 0.014227688;
  -0.021331148, -0.046629187, 0.99868453, 0.00040591761]
[1, 0, 0, 0;
  0, 1, 0, 0;
  0, 0, 1, 0]
[0.99955201, -0.020181535, 0.022111362, -0.082163461;
  0.018990412, 0.99842381, 0.052816417, -0.031702638;
  -0.023142414, -0.052372769, 0.99835956, 0.0093611712]
[0.9995631, -0.015407805, 0.025207512, -0.08889129;
  0.014303773, 0.99895465, 0.043406427, -0.027408702;
  -0.025850067, -0.043027021, 0.99873906, 0.0049914024]
[0.99928194, -0.02148973, 0.031184746, -0.095789932;
  0.019522278, 0.99787962, 0.062078994, -0.03555068;
  -0.032452788, -0.061425865, 0.99758345, 0.0077270833]
[0.99936306, -0.016311776, 0.031740706, -0.099379748;
  0.014748578, 0.99869627, 0.0488737, -0.03350991;
  -0.032496464, -0.048374422, 0.99830055, 0.0079408111]
[0.99975735, -0.018762639, 0.011553995, -0.1041024;
  0.018281329, 0.9990145, 0.040444817, -0.022919886;
  -0.012301378, -0.040223788, 0.99911493, -0.00043946828]
[0.99915022, -0.020012779, 0.036039453, -0.13066687;
  0.018029349, 0.99834877, 0.054543171, -0.025087707;
  -0.037071422, -0.053847034, 0.99786085, 0.00034054954]
[0.99897617, -0.023017263, 0.038942616, -0.13721256;
  0.020595957, 0.99789602, 0.061476421, -0.027809991;
  -0.040275637, -0.060611445, 0.99734843, -0.0016243726]
[0.99920088, -0.02011729, 0.034534536, -0.1387267;
  0.018415069, 0.99863291, 0.048919376, -0.031075925;
  -0.035471506, -0.048244353, 0.99820554, -0.0031618974]
[0.99893939, -0.032709669, 0.032402046, -0.1586978;
  0.030175902, 0.99666494, 0.075816438, -0.038495336;
  -0.034773912, -0.074758209, 0.99659514, -0.00126694]
--------------------------------------
[1, 0, 0, 0;
  0, 1, 0, 0;
  0, 0, 1, 0]
[0.99999547, -0.0026746895, 0.0016234756, 0.0087426733;
  0.0026686098, 0.99998993, 0.0036961592, 0.0040271585;
  -0.0016333439, -0.003691569, 0.99999231, 0.00021068343]
[0.99997258, -0.0051447763, -0.0052640783, 0.015674785;
  0.005174486, 0.9999705, 0.0056498125, 0.0019472989;
  0.0052343113, -0.0056769908, 0.9999696, 0.0029569021]
[0.99995118, -0.0098733259, 0.00036237281, 0.026714219;
  0.0098625794, 0.99969548, 0.022614952, 0.0050915964;
  -0.00058563781, -0.022610292, 0.999744, 0.0018598671]
[0.99997437, -0.0064968155, -0.0029507086, 0.035447836;
  0.0065308991, 0.9999097, 0.011741078, 0.011067469;
  0.0028743765, -0.011760082, 0.99992687, 0.0042021293]
[0.99996322, -0.0058999364, -0.0062102415, 0.043608353;
  0.0059611015, 0.99993384, 0.0098509146, -0.0036297995;
  0.006151739, -0.0098876776, 0.99993229, 0.0095351562]
[0.99991739, -0.011187951, 0.0062258206, 0.055734325;
  0.011017312, 0.99957961, 0.026805516, 0.0069034831;
  -0.0065233172, -0.026734736, 0.99962091, 0.0036238981]
[0.99994028, -0.0091790417, 0.0059308037, 0.060979608;
  0.0090366043, 0.99968034, 0.023618821, 0.010999585;
  -0.0061455886, -0.023563767, 0.99970353, 0.0028020306]
[0.99991554, -0.0057768761, 0.011638795, 0.096113577;
  0.005559722, 0.99981147, 0.018602947, 0.013114799;
  -0.011744231, -0.018536564, 0.99975932, 0.0063395295]
[0.99989414, -0.0046222722, 0.0138134, 0.084032811;
  0.0043179803, 0.99974906, 0.021982009, 0.0025930712;
  -0.013911461, -0.021920096, 0.99966317, 0.0064151837]
[0.9997834, -0.0049836445, 0.02020794, 0.085721411;
  0.0045006564, 0.99970478, 0.023876384, -0.0014361002;
  -0.020321079, -0.023780309, 0.99951059, 0.0095334155]
[1, 0, 0, 0;
  0, 1, 0, 0;
  0, 0, 1, 0]
[0.99965835, -0.010884024, 0.023751248, -0.08578293;
  0.010121648, 0.99943709, 0.031985197, -0.019740688;
  -0.024086075, -0.031733897, 0.99920589, 0.0025772918]
[0.99973089, -0.0076796007, 0.021866759, -0.092941716;
  0.0070728208, 0.99959105, 0.027692882, -0.013467095;
  -0.02207059, -0.027530789, 0.99937683, -0.00096484704]
[0.99963003, -0.012271404, 0.024295969, -0.10029623;
  0.011342731, 0.99921399, 0.037999384, -0.020283613;
  -0.024743229, -0.037709743, 0.99898297, 5.0252573e-05]
[0.99963403, -0.0075398758, 0.025967022, -0.10308029;
  0.0067779082, 0.99954677, 0.029310022, -0.019906199;
  -0.026176251, -0.029123241, 0.99923271, 0.0014825925]
