starting--------------------------------------
starting--------------------------------------
 1.81842e-06  4.29892e-06 -0.000922825
   -1.46102   0.0452273 0.000197902
Newone
[1.0022943, -0.0012216527, -1.4109296;
  -0.00013475028, 0.99868304, 0.16065666;
  -9.3224003e-07, -1.0357368e-06, 1]
[0.99999648, -0.0018627457, -0.0015644468;
  0.0018626107, 0.99999797, -0.00010065569;
  0.0015647474, 9.7727352e-05, 0.99999827][0.0032567512; -0.0018578174; -0.0021512522][0.95439923; 0.29817596; 0.014589608]
[0.99999887, 0.00088365341, 0.00053893821;
  -0.00088390417, 0.99999923, 0.00051563949;
  -0.00053838716, -0.0005161647, 0.99999923][-0.0041249255; -0.00129096; -6.4913882e-05][-0.75293934; 0.43004581; 0.49813896]
[0.99999887, 0.00088365341, 0.00053893821;
  -0.00088390417, 0.99999923, 0.00051563949;
  -0.00053838716, -0.0005161647, 0.99999923][-0.0041249255; -0.00129096; -6.4913882e-05][-0.75293934; 0.43004581; 0.49813896]
0--------------------
plane[-0.75293934; 0.43004581; 0.49813896]
[0.99999887, 0.00088365341, 0.00053893821;
  -0.00088390417, 0.99999923, 0.00051563949;
  -0.00053838716, -0.0005161647, 0.99999923]
[-0.0041249255, -0.00129096, -6.4913882e-05]
rrrrrrrrrrrrrrrrrrrrrrrrr
-5.31772e-07 -2.30707e-06   0.00107156
   -1.88963   -0.605129 -0.00302199
Newone
[1.0034305, 0.00025927529, -1.7437915;
  0.00046654008, 1.003229, -0.47421542;
  5.8947876e-07, 2.5206989e-06, 1]
[0.99999976, -0.00072807417, 0.00019360206;
  0.00072842225, 0.99999946, -0.0011148846;
  -0.00019272312, 0.0011149737, 0.99999952][0.0018565825; -0.0016686878; 0.002071436][0.24268267; 0.099097148; -0.96503103]
[0.99999791, -0.00013934684, -0.0020959398;
  0.0001400551, 1.0000004, 0.00028533034;
  0.0020959405, -0.00028566821, 0.99999791][-0.00079005287; -0.00032309175; 0.0031294874][-0.57273138; 0.51440698; -0.63825095]
[0.99999976, -0.00072807417, 0.00019360206;
  0.00072842225, 0.99999946, -0.0011148846;
  -0.00019272312, 0.0011149737, 0.99999952][0.0018565825; -0.0016686878; 0.002071436][0.24268267; 0.099097148; -0.96503103]
1--------------------
plane[0.24268267; 0.099097148; -0.96503103]
[0.99999976, -0.00072807417, 0.00019360206;
  0.00072842225, 0.99999946, -0.0011148846;
  -0.00019272312, 0.0011149737, 0.99999952]
[0.0018565825, -0.0016686878, 0.002071436]
rrrrrrrrrrrrrrrrrrrrrrrrr
-4.66343e-06 -9.84216e-06   0.00135113
  -1.01641   0.893239 0.00472664
Newone
[1.0016081, -0.00071550859, -1.2492238;
  -0.0002368862, 0.99704343, 0.58137506;
  -6.3533332e-07, -3.0127487e-06, 1]
[0.9999969, -0.0017840276, -0.0014053137;
  0.0017842617, 0.99999768, 0.00021008363;
  0.0014049925, -0.00021280634, 0.99999851][0.0032878206; -0.002384343; -0.0022180378][0.78330785; 0.61734223; 0.072917715]
[0.99999708, 0.0021146652, 0.00057608617;
  -0.0021155418, 0.99999607, 0.0014083014;
  -0.00057303073, -0.0014097432, 0.99999833][-0.0036251568; -0.0028564783; -0.0003366241][-0.71036893; 0.51473916; 0.48001999]
[0.99999708, 0.0021146652, 0.00057608617;
  -0.0021155418, 0.99999607, 0.0014083014;
  -0.00057303073, -0.0014097432, 0.99999833][-0.0036251568; -0.0028564783; -0.0003366241][-0.71036893; 0.51473916; 0.48001999]
2--------------------
plane[-0.71036893; 0.51473916; 0.48001999]
[0.99999708, 0.0021146652, 0.00057608617;
  -0.0021155418, 0.99999607, 0.0014083014;
  -0.00057303073, -0.0014097432, 0.99999833]
[-0.0036251568, -0.0028564783, -0.0003366241]
rrrrrrrrrrrrrrrrrrrrrrrrr
 1.62693e-07 -1.13621e-07  0.000116347
  -1.55899   0.048075 0.00016069
Newone
[1.0033401, -0.0010745946, -1.5168178;
  0.0003760604, 1.0000132, -1.4528165e-05;
  1.1100501e-06, 1.3811646e-07, 1]
[0.99999815, -0.0016648421, -0.0011525319;
  0.0016646747, 0.99999893, -0.00019031142;
  0.001152989, 0.00018837833, 0.99999988][0.0027781902; -0.0016060306; -0.00058918522][0.96817946; 0.19677632; -0.15462057]
[0.99999964, 0.00043785101, -0.0010087882;
  -0.00043763677, 1.0000002, 0.00017478003;
  0.0010090115, -0.00017435696, 1][-0.0031589693; -0.00064395159; 0.00050105219][-0.85101831; 0.49277258; 0.18150191]
[0.99999964, 0.00043785101, -0.0010087882;
  -0.00043763677, 1.0000002, 0.00017478003;
  0.0010090115, -0.00017435696, 1][-0.0031589693; -0.00064395159; 0.00050105219][-0.85101831; 0.49277258; 0.18150191]
3--------------------
plane[-0.85101831; 0.49277258; 0.18150191]
[0.99999964, 0.00043785101, -0.0010087882;
  -0.00043763677, 1.0000002, 0.00017478003;
  0.0010090115, -0.00017435696, 1]
[-0.0031589693, -0.00064395159, 0.00050105219]
rrrrrrrrrrrrrrrrrrrrrrrrr
-2.21348e-06 -5.33984e-06   0.00143292
  -2.09861  -0.591788 -0.0018818
Newone
[1.003366, -8.8890292e-06, -1.8490009;
  0.00046714096, 1.0018656, -0.38138807;
  9.244381e-07, 6.0976532e-07, 1]
[0.99999946, -0.00046908626, 0.00034172231;
  0.00046911582, 0.99999934, -0.0001510069;
  -0.00034163063, 0.00015107098, 0.99999952][0.002477257; -0.00042550798; 0.001570395][0.52700102; 0.10745067; -0.84304452]
[0.99999636, 2.1110078e-05, -0.0025691693;
  -2.1031494e-05, 0.99999946, 3.8686259e-05;
  0.0025691905, -3.8720769e-05, 0.9999963][0.0015646261; 0.00031895083; -0.0024968411][0.83640087; -0.14372684; 0.52893865]
[0.99999946, -0.00046908626, 0.00034172231;
  0.00046911582, 0.99999934, -0.0001510069;
  -0.00034163063, 0.00015107098, 0.99999952][0.002477257; -0.00042550798; 0.001570395][0.52700102; 0.10745067; -0.84304452]
4--------------------
plane[0.52700102; 0.10745067; -0.84304452]
[0.99999946, -0.00046908626, 0.00034172231;
  0.00046911582, 0.99999934, -0.0001510069;
  -0.00034163063, 0.00015107098, 0.99999952]
[0.002477257, -0.00042550798, 0.001570395]
rrrrrrrrrrrrrrrrrrrrrrrrr
-3.78724e-06 -2.13779e-06  0.000461662
  -1.38448   0.397134 0.00115019
Newone
[1.0019734, -0.00016007075, -1.3641901;
  1.6787364e-05, 1.0000377, 0.26872084;
  3.5155801e-07, -9.0933798e-07, 1]
[0.99999982, -1.0432174e-05, 0.00018503219;
  1.0323945e-05, 0.99999988, 0.0005098363;
  -0.00018495851, -0.00050984963, 0.9999997][0.002260033; -0.00010991585; 0.00052253611][0.70733809; 0.062336348; -0.70412135]
[0.99999827, 0.0002082429, -0.0017744042;
  -0.00020726926, 0.99999982, 0.00055499875;
  0.0017745758, -0.00055463397, 0.99999809][0.0016439339; 0.00014372868; -0.0016339213][0.97338879; -0.047355011; 0.22421351]
[0.99999982, -1.0432174e-05, 0.00018503219;
  1.0323945e-05, 0.99999988, 0.0005098363;
  -0.00018495851, -0.00050984963, 0.9999997][0.002260033; -0.00010991585; 0.00052253611][0.70733809; 0.062336348; -0.70412135]
0--------------------
plane[0.70733809; 0.062336348; -0.70412135]
[0.99999982, -1.0432174e-05, 0.00018503219;
  1.0323945e-05, 0.99999988, 0.0005098363;
  -0.00018495851, -0.00050984963, 0.9999997]
[0.002260033, -0.00010991585, 0.00052253611]
rrrrrrrrrrrrrrrrrrrrrrrrr
 -0.280053  -0.371529 0.00114762
 0.0886983 -0.0664674  -0.460637
Newone
[0.99664086, 0.00030094458, -0.18287344;
  -0.00047595004, 0.99897575, 0.46266547;
  -1.9417948e-06, -1.3813539e-06, 1]
[0.99999839, 0.00091939373, -0.0015433106;
  -0.00091865304, 0.99999976, 0.00049665046;
  0.0015436241, -0.00049512647, 0.99999869][-0.0019750993; 0.00091278274; -0.002578361][0.99367636; 0.089341499; 0.068009377]
[0.99999958, -0.00016584099, 0.00088512135;
  0.00016510306, 0.99999994, 0.00078835076;
  -0.00088541221, -0.00078811194, 0.99999934][-0.0033524458; -0.0003002997; -0.00023035647][0.58578616; -0.27082494; 0.76387709]
[0.99999958, -0.00016584099, 0.00088512135;
  0.00016510306, 0.99999994, 0.00078835076;
  -0.00088541221, -0.00078811194, 0.99999934][-0.0033524458; -0.0003002997; -0.00023035647][0.58578616; -0.27082494; 0.76387709]
0--------------------
plane[0.58578616; -0.27082494; 0.76387709]
3.31237e-06 4.77999e-06 -0.00098204
   -1.61863    0.409329 6.12819e-05
Newone
[1.0021013, -0.00034284551, -1.370749;
  -0.00078707817, 0.99811864, 0.65300548;
  -1.9012678e-06, -5.0458624e-07, 1]
[0.99999899, -0.0016239795, -0.00020637286;
  0.0016238982, 0.99999875, -0.00020334437;
  0.00020657474, 0.00020297783, 1][0.0040681744; -0.0021421751; -0.0013206658][0.91215789; 0.35413599; -0.20629127]
[0.99999881, 0.0017735969, 0.00016002762;
  -0.0017737494, 0.99999827, 0.00070723676;
  -0.00015893485, -0.00070755946, 0.99999982][-0.004363575; -0.0016934802; 0.00098714523][-0.85046399; 0.44768035; 0.2762132]
[0.99999881, 0.0017735969, 0.00016002762;
  -0.0017737494, 0.99999827, 0.00070723676;
  -0.00015893485, -0.00070755946, 0.99999982][-0.004363575; -0.0016934802; 0.00098714523][-0.85046399; 0.44768035; 0.2762132]
1--------------------
plane[-0.85046399; 0.44768035; 0.2762132]
[0.99999881, 0.0017735969, 0.00016002762;
  -0.0017737494, 0.99999827, 0.00070723676;
  -0.00015893485, -0.00070755946, 0.99999982]
[-0.004363575, -0.0016934802, 0.00098714523]
rrrrrrrrrrrrrrrrrrrrrrrrr
 1.36506e-06 -1.60819e-06 -0.000272402
    -1.1173    0.080023 -0.00130332
Newone
[0.99681461, -0.00027422252, -0.096189015;
  -0.00053806067, 0.99680084, 0.82861102;
  -1.2904046e-06, -2.3604541e-06, 1]
[0.99999934, 0.0002124655, 0.0007155764;
  -0.00021314537, 0.99999917, 0.0010438396;
  -0.00071541546, -0.0010439696, 0.99999887][0.0023812018; 0.00080879877; -0.001758982][-0.0203951; 0.11261941; -0.99342871]
[0.99999809, 0.00049753091, -0.0016915072;
  -0.00049673102, 0.99999946, 0.00043556426;
  0.0016916752, -0.00043470427, 0.99999809][-6.098079e-05; 0.00034338766; -0.0030490425][0.77553415; 0.26424405; -0.57334256]
[0.99999934, 0.0002124655, 0.0007155764;
  -0.00021314537, 0.99999917, 0.0010438396;
  -0.00071541546, -0.0010439696, 0.99999887][0.0023812018; 0.00080879877; -0.001758982][-0.0203951; 0.11261941; -0.99342871]
1--------------------
plane[-0.0203951; 0.11261941; -0.99342871]
-2.36467e-06 -1.99864e-06  0.000277732
   -1.34979   0.0407623 0.000592251
Newone
[1.0028889, 0.00036134708, -1.3917485;
  2.1359392e-05, 1.0019563, -0.26184952;
  1.3950144e-08, 2.6856681e-06, 1]
[0.99999964, -0.00092239492, 0.00067583291;
  0.0009232575, 0.9999994, -0.0011764687;
  -0.00067461096, 0.001177276, 0.99999958][0.0022399582; -0.0016060662; 0.0012103238][0.56446207; 0.19079946; -0.80310535]
[0.99999863, 0.00040991773, -0.0018026121;
  -0.00041007163, 1.0000004, -0.00012001405;
  0.0018026902, 0.00012094318, 0.99999887][-0.0017004001; -0.00057636225; 0.0024162347][-0.74419439; 0.53345841; -0.40199113]
[0.99999964, -0.00092239492, 0.00067583291;
  0.0009232575, 0.9999994, -0.0011764687;
  -0.00067461096, 0.001177276, 0.99999958][0.0022399582; -0.0016060662; 0.0012103238][0.56446207; 0.19079946; -0.80310535]
2--------------------
plane[0.56446207; 0.19079946; -0.80310535]
[0.99999964, -0.00092239492, 0.00067583291;
  0.0009232575, 0.9999994, -0.0011764687;
  -0.00067461096, 0.001177276, 0.99999958]
[0.0022399582, -0.0016060662, 0.0012103238]
rrrrrrrrrrrrrrrrrrrrrrrrr
 1.12155e-07 -5.33892e-06 -0.000182909
   -0.324119   -0.0470544 -0.000798401
Newone
[0.99589413, 0.00033182919, 0.063582622;
  -0.00074496999, 0.99887836, 0.276539;
  -3.0630742e-06, -1.0185679e-06, 1]
[0.99999821, 0.00099599455, -0.001352695;
  -0.00099605019, 0.99999928, 5.7879523e-05;
  0.0013528835, -5.6354253e-05, 0.99999887][-0.0021208988; 0.00099824113; -0.0030036259][0.98530549; 0.15926276; 0.061710835]
[0.99999851, -0.00032705584, 0.0014788358;
  0.00032604157, 0.99999958, 0.00059743965;
  -0.0014788555, -0.00059676793, 0.99999851][-0.0037542793; -0.00060561922; -0.00023468607][0.55669743; -0.2620737; 0.78829271]
[0.99999851, -0.00032705584, 0.0014788358;
  0.00032604157, 0.99999958, 0.00059743965;
  -0.0014788555, -0.00059676793, 0.99999851][-0.0037542793; -0.00060561922; -0.00023468607][0.55669743; -0.2620737; 0.78829271]
2--------------------
plane[0.55669743; -0.2620737; 0.78829271]
-2.98228e-06 4.14886e-06 -0.00165875
  -1.13709   0.869146 0.00251333
Newone
[1.0023632, 0.00013488632, -1.1025789;
  -0.00034508636, 1.0000871, 0.40325013;
  1.5209441e-06, -4.2372295e-07, 1]
[1.0000004, -0.00013088649, -0.00058788381;
  0.00013096897, 1.0000004, 0.00028014302;
  0.00058787345, -0.00028039029, 1][0.0015316546; -0.00088320195; 0.00022107821][0.95161277; 0.26190257; -0.16075024]
[0.9999994, 0.0011097875, -0.0010428878;
  -0.0011094675, 0.99999976, 0.00036467769;
  0.0010433127, -0.00036373411, 0.99999964][-0.0016960647; -0.00046574164; 0.00028519542][-0.85994416; 0.49529284; -0.12321356]
[0.9999994, 0.0011097875, -0.0010428878;
  -0.0011094675, 0.99999976, 0.00036467769;
  0.0010433127, -0.00036373411, 0.99999964][-0.0016960647; -0.00046574164; 0.00028519542][-0.85994416; 0.49529284; -0.12321356]
3--------------------
plane[-0.85994416; 0.49529284; -0.12321356]
[0.9999994, 0.0011097875, -0.0010428878;
  -0.0011094675, 0.99999976, 0.00036467769;
  0.0010433127, -0.00036373411, 0.99999964]
[-0.0016960647, -0.00046574164, 0.00028519542]
rrrrrrrrrrrrrrrrrrrrrrrrr
-1.94829e-05 -1.77423e-07  -0.00109454
  0.258044   0.971232 0.00549393
Newone
[0.99650574, 0.00046630012, 0.025644548;
  -0.0012447456, 0.99802393, 0.80619687;
  -2.1272074e-06, -1.9406814e-06, 1]
[0.99999934, 0.00049691583, 0.0013485021;
  -0.00049820438, 0.99999976, 0.00090549019;
  -0.0013480753, -0.00090601831, 0.99999899][-0.0028416966; -0.0005708884; 0.00054933829][0.41676158; -0.20767854; 0.88497436]
[0.99999845, 0.0013274776, -0.0013995144;
  -0.0013268167, 0.99999928, 0.00051349663;
  0.001400113, -0.0005115231, 0.99999923][-0.0012288507; 0.00061193667; -0.0026112038][0.96308178; 0.19452749; -0.18609914]
[0.99999934, 0.00049691583, 0.0013485021;
  -0.00049820438, 0.99999976, 0.00090549019;
  -0.0013480753, -0.00090601831, 0.99999899][-0.0028416966; -0.0005708884; 0.00054933829][0.41676158; -0.20767854; 0.88497436]
3--------------------
plane[0.41676158; -0.20767854; 0.88497436]
  5.2637e-06 -2.77225e-06  0.000160461
   -2.05462   -0.334469 -0.00554057
Newone
[1.0019959, -0.0011256881, -1.2281657;
  -0.0010533247, 0.99947292, 0.58122063;
  -1.4013759e-06, -2.0135016e-07, 1]
[0.99999899, -0.00067432947, -0.0010666234;
  0.00067465991, 0.99999952, 0.00033090435;
  0.0010663843, -0.00033140738, 0.99999899][0.0031329638; -0.0014080162; -0.0018222276][0.98856258; -0.12367409; -0.086304218]
[0.99999958, 0.00033086736, 0.00046677489;
  -0.00033096204, 0.9999997, 0.00022710364;
  -0.00046669212, -0.00022700742, 0.99999952][0.0038439615; -0.00048030898; -0.0003342859][0.80554879; -0.36212847; -0.4689925]
[0.99999958, 0.00033086736, 0.00046677489;
  -0.00033096204, 0.9999997, 0.00022710364;
  -0.00046669212, -0.00022700742, 0.99999952][0.0038439615; -0.00048030898; -0.0003342859][0.80554879; -0.36212847; -0.4689925]
4--------------------
plane[0.80554879; -0.36212847; -0.4689925]
[0.99999958, 0.00033086736, 0.00046677489;
  -0.00033096204, 0.9999997, 0.00022710364;
  -0.00046669212, -0.00022700742, 0.99999952]
[0.0038439615, -0.00048030898, -0.0003342859]
rrrrrrrrrrrrrrrrrrrrrrrrr
-1.22396e-06 -4.84318e-06  0.000386532
   -1.15857   0.0376658 -0.00179846
Newone
[0.99594867, -0.00042124855, 0.055384144;
  -0.0012456203, 0.998276, 0.7896508;
  -2.5036577e-06, -1.2512335e-06, 1]
[0.99999887, 0.00051207608, 0.0014763847;
  -0.00051311374, 0.99999988, 0.00070275174;
  -0.001476203, -0.00070348399, 0.99999899][-0.0038773955; -0.00027779525; 0.00033195433][0.48089653; 0.13741967; 0.86594129]
[0.99999797, 0.00011289299, -0.0020461455;
  -0.00011204571, 1.0000002, 0.00041594208;
  0.0020459532, -0.00041568661, 0.99999815][-0.0018754147; -0.00053744414; -0.0033786881][0.99377972; 0.071560778; -0.085327417]
[0.99999887, 0.00051207608, 0.0014763847;
  -0.00051311374, 0.99999988, 0.00070275174;
  -0.001476203, -0.00070348399, 0.99999899][-0.0038773955; -0.00027779525; 0.00033195433][0.48089653; 0.13741967; 0.86594129]
4--------------------
plane[0.48089653; 0.13741967; 0.86594129]
starting--------------------------------------
3.14861e-06 3.93788e-06 -0.00122693
    -1.61647    -0.077242 -0.000810714
Newone
[1.0022514, -0.00095013517, -1.4738692;
  -0.00020627669, 0.99906188, 0.096233696;
  -1.1224232e-06, -5.4191571e-07, 1]
[0.99999791, -0.001439582, -0.0015312445;
  0.0014392924, 0.99999905, -0.00016645411;
  0.0015315064, 0.00016411574, 0.99999899][0.0031979091; -0.0014066591; -0.0021671203][0.97824979; 0.20699315; -0.013459563]
[0.99999982, 0.00060051144, 0.000548204;
  -0.00060071459, 0.99999988, 0.00030256924;
  -0.00054802006, -0.0003030092, 1][0.0040214211; 0.00085266726; -5.3415773e-05][0.77745581; -0.34244525; -0.52753562]
[0.99999982, 0.00060051144, 0.000548204;
  -0.00060071459, 0.99999988, 0.00030256924;
  -0.00054802006, -0.0003030092, 1][0.0040214211; 0.00085266726; -5.3415773e-05][0.77745581; -0.34244525; -0.52753562]
0--------------------
plane[0.77745581; -0.34244525; -0.52753562]
[0.99999982, 0.00060051144, 0.000548204;
  -0.00060071459, 0.99999988, 0.00030256924;
  -0.00054802006, -0.0003030092, 1]
[0.0040214211, 0.00085266726, -5.3415773e-05]
rrrrrrrrrrrrrrrrrrrrrrrrr
 4.98793e-06 -6.31487e-07 -0.000335169
   -2.01435   -0.593911 -0.00508511
Newone
[1.0035909, 0.00049451925, -1.8146839;
  0.00065759569, 1.0034955, -0.52763319;
  1.1964179e-06, 2.8189002e-06, 1]
[0.99999952, -0.00057820952, -0.00038489242;
  0.00057782221, 0.99999887, -0.0012104573;
  0.00038550785, 0.0012102495, 0.99999887][0.0013241372; -0.0017493636; 0.0020250645][0.11917083; 0.13135816; -0.98414588]
[0.99999791, -0.00019513273, -0.0019267764;
  0.00019562934, 0.99999976, 0.00023979544;
  0.0019266286, -0.00024010387, 0.99999774][-0.00035905428; -0.0003937619; 0.0029377765][-0.44404805; 0.58575356; -0.67802203]
[0.99999952, -0.00057820952, -0.00038489242;
  0.00057782221, 0.99999887, -0.0012104573;
  0.00038550785, 0.0012102495, 0.99999887][0.0013241372; -0.0017493636; 0.0020250645][0.11917083; 0.13135816; -0.98414588]
1--------------------
plane[0.11917083; 0.13135816; -0.98414588]
[0.99999952, -0.00057820952, -0.00038489242;
  0.00057782221, 0.99999887, -0.0012104573;
  0.00038550785, 0.0012102495, 0.99999887]
[0.0013241372, -0.0017493636, 0.0020250645]
rrrrrrrrrrrrrrrrrrrrrrrrr
-6.30563e-07 -4.55256e-06   0.00102557
  -1.45316   0.348348 0.00151253
Newone
[1.001826, -0.00034860312, -1.3476349;
  -0.00019664287, 0.99777907, 0.45918089;
  -5.184877e-07, -1.9605322e-06, 1]
[0.99999785, -0.0015349058, -0.0012034771;
  0.001534899, 0.99999845, 1.610322e-05;
  0.0012034784, -1.7975508e-05, 0.99999887][0.00320386; -0.0019477821; -0.0017883936][0.82473642; 0.56546217; -0.0078987926]
[0.99999797, 0.0018843368, 0.00024940149;
  -0.0018846173, 0.99999732, 0.0010446223;
  -0.00024740642, -0.0010451236, 0.99999899][-0.0034265011; -0.0023483962; 3.2423472e-05][-0.77112025; 0.46851307; 0.43112522]
[0.99999797, 0.0018843368, 0.00024940149;
  -0.0018846173, 0.99999732, 0.0010446223;
  -0.00024740642, -0.0010451236, 0.99999899][-0.0034265011; -0.0023483962; 3.2423472e-05][-0.77112025; 0.46851307; 0.43112522]
2--------------------
plane[-0.77112025; 0.46851307; 0.43112522]
[0.99999797, 0.0018843368, 0.00024940149;
  -0.0018846173, 0.99999732, 0.0010446223;
  -0.00024740642, -0.0010451236, 0.99999899]
[-0.0034265011, -0.0023483962, 3.2423472e-05]
rrrrrrrrrrrrrrrrrrrrrrrrr
 3.10219e-07  6.05527e-07 -8.96905e-05
   -1.52918   0.0627733 0.000176751
Newone
[1.0035039, -0.00090725056, -1.5662584;
  0.00058971171, 1.0002793, -0.053480316;
  1.7672729e-06, 4.3775592e-07, 1]
[0.99999774, -0.0017157978, -0.0011223183;
  0.0017154637, 0.99999839, -0.00028807882;
  0.0011228601, 0.00028624086, 0.99999952][0.0024738875; -0.0016548824; -0.00020891543][0.9367075; 0.27073291; -0.22199638]
[0.99999857, 0.00050435012, -0.0014726784;
  -0.00050413201, 0.99999982, 0.00013654064;
  0.0014728098, -0.00013573666, 0.99999911][-0.002795212; -0.00080952555; 0.0006586801][-0.82870936; 0.55515051; 0.071052924]
[0.99999857, 0.00050435012, -0.0014726784;
  -0.00050413201, 0.99999982, 0.00013654064;
  0.0014728098, -0.00013573666, 0.99999911][-0.002795212; -0.00080952555; 0.0006586801][-0.82870936; 0.55515051; 0.071052924]
3--------------------
plane[-0.82870936; 0.55515051; 0.071052924]
[0.99999857, 0.00050435012, -0.0014726784;
  -0.00050413201, 0.99999982, 0.00013654064;
  0.0014728098, -0.00013573666, 0.99999911]
[-0.002795212, -0.00080952555, 0.0006586801]
rrrrrrrrrrrrrrrrrrrrrrrrr
-3.02712e-06 1.09754e-07 0.000171934
   -1.82801    -0.16502 7.04232e-05
Newone
[1.0033568, 0.00033742108, -1.9400777;
  0.00043415549, 1.002174, -0.4323197;
  7.3435547e-07, 1.0818783e-06, 1]
[0.99999976, -0.00048312877, 0.00038529019;
  0.00048322149, 0.99999976, -0.00023677293;
  -0.00038520637, 0.00023691017, 0.99999988][0.0024969836; -0.00050785486; 0.0017344491][0.44479778; 0.19058146; -0.87511921]
[0.9999966, 0.00021771008, -0.0025658314;
  -0.0002180275, 0.99999988, -0.00012299347;
  0.0025657783, 0.00012351417, 0.99999666][0.0013739043; 0.00058811484; -0.0026958608][0.81067038; -0.16476609; 0.56184137]
[0.99999976, -0.00048312877, 0.00038529019;
  0.00048322149, 0.99999976, -0.00023677293;
  -0.00038520637, 0.00023691017, 0.99999988][0.0024969836; -0.00050785486; 0.0017344491][0.44479778; 0.19058146; -0.87511921]
4--------------------
plane[0.44479778; 0.19058146; -0.87511921]
[0.99999976, -0.00048312877, 0.00038529019;
  0.00048322149, 0.99999976, -0.00023677293;
  -0.00038520637, 0.00023691017, 0.99999988]
[0.0024969836, -0.00050785486, 0.0017344491]
rrrrrrrrrrrrrrrrrrrrrrrrr
starting--------------------------------------
-7.77939e-06 -5.39571e-06 -1.92487e-05
  -1.08934   0.407523 0.00321316
Newone
[1.0020094, -0.0010721002, -1.4313406;
  -0.00020674082, 0.99867648, 0.14577605;
  -9.8506712e-07, -1.3101019e-06, 1]
[0.99999672, -0.0015878857, -0.0017760524;
  0.0015878604, 0.99999827, -7.4136864e-05;
  0.001776193, 7.1325863e-05, 0.99999809][0.0029748739; -0.0016435398; -0.0024185209][0.94785178; 0.31383991; 0.055510372]
[0.99999893, 0.00090494659, 0.00068431912;
  -0.0009052587, 0.99999887, 0.00059541949;
  -0.00068373402, -0.00059608789, 0.99999923][-0.0039532683; -0.0013105533; -0.00023337069][-0.71271312; 0.39409626; 0.58028257]
[0.99999893, 0.00090494659, 0.00068431912;
  -0.0009052587, 0.99999887, 0.00059541949;
  -0.00068373402, -0.00059608789, 0.99999923][-0.0039532683; -0.0013105533; -0.00023337069][-0.71271312; 0.39409626; 0.58028257]
0--------------------
plane[-0.71271312; 0.39409626; 0.58028257]
[0.99999893, 0.00090494659, 0.00068431912;
  -0.0009052587, 0.99999887, 0.00059541949;
  -0.00068373402, -0.00059608789, 0.99999923]
[-0.0039532683, -0.0013105533, -0.00023337069]
rrrrrrrrrrrrrrrrrrrrrrrrr
-4.39003e-06 -7.75991e-06   0.00226517
    -1.46342    -0.432613 -0.000828818
Newone
[1.003793, 0.00028493351, -1.7602843;
  0.00077821757, 1.0036491, -0.5517875;
  1.5793198e-06, 3.0616602e-06, 1]
[0.99999994, -0.00077765778, -0.00047991102;
  0.00077703252, 0.99999893, -0.0014698606;
  0.0004810777, 0.0014693801, 0.99999928][0.0012109571; -0.0020378055; 0.0018614342][0.1862338; 0.071649045; -0.97988963]
[0.99999827, -0.00031045271, -0.0020106023;
  0.00031134507, 1.0000001, 0.00038675376;
  0.0020105084, -0.00038749436, 0.99999845][-0.00056486274; -0.00021785253; 0.0029525373][-0.40218288; 0.67600501; -0.61746776]
[0.99999994, -0.00077765778, -0.00047991102;
  0.00077703252, 0.99999893, -0.0014698606;
  0.0004810777, 0.0014693801, 0.99999928][0.0012109571; -0.0020378055; 0.0018614342][0.1862338; 0.071649045; -0.97988963]
1--------------------
plane[0.1862338; 0.071649045; -0.97988963]
[0.99999994, -0.00077765778, -0.00047991102;
  0.00077703252, 0.99999893, -0.0014698606;
  0.0004810777, 0.0014693801, 0.99999928]
[0.0012109571, -0.0020378055, 0.0018614342]
rrrrrrrrrrrrrrrrrrrrrrrrr
 7.95434e-07 -3.93613e-06   0.00104316
   -1.64589    0.144843 0.000107375
Newone
[1.0016845, -0.0006901428, -1.2531632;
  -6.2413681e-05, 0.9972195, 0.53735542;
  -6.5229628e-08, -2.933798e-06, 1]
[0.99999774, -0.0017105446, -0.0014788094;
  0.0017108697, 0.99999863, 0.00023422591;
  0.0014784011, -0.00023682657, 0.99999899][0.0030063444; -0.0023270785; -0.0020027386][0.75490892; 0.65088588; 0.080376357]
[0.99999827, 0.0020036392, 0.00027854904;
  -0.0020040381, 0.99999714, 0.0013536467;
  -0.00027582105, -0.0013542828, 0.99999911][-0.0032440589; -0.0027966672; -0.00034510467][-0.69943428; 0.5410834; 0.46692684]
[0.99999827, 0.0020036392, 0.00027854904;
  -0.0020040381, 0.99999714, 0.0013536467;
  -0.00027582105, -0.0013542828, 0.99999911][-0.0032440589; -0.0027966672; -0.00034510467][-0.69943428; 0.5410834; 0.46692684]
2--------------------
plane[-0.69943428; 0.5410834; 0.46692684]
[0.99999827, 0.0020036392, 0.00027854904;
  -0.0020040381, 0.99999714, 0.0013536467;
  -0.00027582105, -0.0013542828, 0.99999911]
[-0.0032440589, -0.0027966672, -0.00034510467]
rrrrrrrrrrrrrrrrrrrrrrrrr
-1.15659e-06 -6.43734e-06   0.00127612
     -1.6389    -0.149681 -0.000549786
Newone
[1.003696, -0.0010174935, -1.537403;
  0.00068327266, 1.0004835, -0.084176853;
  2.0944892e-06, 7.6168311e-07, 1]
[0.99999779, -0.0019438711, -0.0010695775;
  0.001943385, 0.99999833, -0.00039260095;
  0.001070379, 0.00039041074, 0.99999952][0.0023504689; -0.0019106471; 3.0667521e-05][0.92298985; 0.29130566; -0.25145763]
[0.99999875, 0.00050403626, -0.0016856884;
  -0.00050398445, 1.0000001, 7.9344463e-05;
  0.0016857705, -7.8610799e-05, 0.99999875][-0.0027963563; -0.00088456232; 0.0007577315][-0.77548945; 0.63129449; -0.0091537237]
[0.99999875, 0.00050403626, -0.0016856884;
  -0.00050398445, 1.0000001, 7.9344463e-05;
  0.0016857705, -7.8610799e-05, 0.99999875][-0.0027963563; -0.00088456232; 0.0007577315][-0.77548945; 0.63129449; -0.0091537237]
3--------------------
plane[-0.77548945; 0.63129449; -0.0091537237]
[0.99999875, 0.00050403626, -0.0016856884;
  -0.00050398445, 1.0000001, 7.9344463e-05;
  0.0016857705, -7.8610799e-05, 0.99999875]
[-0.0027963563, -0.00088456232, 0.0007577315]
rrrrrrrrrrrrrrrrrrrrrrrrr
-4.85021e-07 -6.91194e-07  0.000639985
   -1.99929   -0.465849 -0.00170914
Newone
[1.0035741, 3.5341342e-05, -1.863179;
  0.00066319137, 1.0021832, -0.44104302;
  1.4975639e-06, 1.0160572e-06, 1]
[0.99999905, -0.00061388954, -7.7279337e-06;
  0.00061386428, 0.99999911, -0.00029357226;
  7.8041558e-06, 0.00029342683, 0.99999923][0.0021050544; -0.00061682094; 0.0015456129][0.50357026; 0.15478237; -0.849976]
[0.99999595, 2.2093915e-05, -0.0025703767;
  -2.214525e-05, 0.99999934, -9.1311967e-06;
  0.0025702897, 9.038502e-06, 0.99999601][0.0013540972; 0.00041608824; -0.0022790201][0.78514618; -0.23001052; 0.57501334]
[0.99999905, -0.00061388954, -7.7279337e-06;
  0.00061386428, 0.99999911, -0.00029357226;
  7.8041558e-06, 0.00029342683, 0.99999923][0.0021050544; -0.00061682094; 0.0015456129][0.50357026; 0.15478237; -0.849976]
4--------------------
plane[0.50357026; 0.15478237; -0.849976]
[0.99999905, -0.00061388954, -7.7279337e-06;
  0.00061386428, 0.99999911, -0.00029357226;
  7.8041558e-06, 0.00029342683, 0.99999923]
[0.0021050544, -0.00061682094, 0.0015456129]
rrrrrrrrrrrrrrrrrrrrrrrrr
starting--------------------------------------
-3.87254e-06 -5.85233e-06  0.000672011
 -1.36118  0.264098 0.0022812
Newone
[1.0023504, -0.00093855406, -1.4841534;
  -0.00020343238, 0.99913841, 0.089077972;
  -1.1246772e-06, -3.4820278e-07, 1]
[0.99999809, -0.001434955, -0.001429923;
  0.0014347313, 0.99999899, -0.00019874664;
  0.0014302835, 0.00019663076, 0.99999911][0.0032909191; -0.0013929582; -0.0020566704][0.98210049; 0.18441549; -0.038336724]
[0.99999982, 0.00054232572, 0.00046623149;
  -0.00054236647, 0.99999982, 0.00023535237;
  -0.00046602191, -0.00023568276, 1][0.0040490846; 0.00076217693; -0.00015613105][0.79776502; -0.33818486; -0.49920139]
[0.99999982, 0.00054232572, 0.00046623149;
  -0.00054236647, 0.99999982, 0.00023535237;
  -0.00046602191, -0.00023568276, 1][0.0040490846; 0.00076217693; -0.00015613105][0.79776502; -0.33818486; -0.49920139]
0--------------------
plane[0.79776502; -0.33818486; -0.49920139]
3.84947e-06 4.20193e-06 -0.00234127
 -0.35751  0.144354 5.573e-05
Newone
[0.99621916, -0.0018425157, 0.20128447;
  -0.00010276715, 0.99632168, 0.53812283;
  -1.2414395e-06, -3.9971878e-06, 1]
[0.99999905, -0.00064943079, 0.00095209351;
  0.00064734305, 0.99999732, 0.0020641428;
  -0.000953537, -0.0020636111, 0.9999972][-0.0029472192; -0.0022039232; 0.0014602027][0.2047815; -0.027820855; 0.97841221]
[0.9999972, -0.0001159461, -0.0022384461;
  0.00011567942, 0.99999964, -5.9006557e-05;
  0.0022383374, 5.8694557e-05, 0.99999726][-0.00080833014; 0.0001059561; -0.0038743962][0.74436605; 0.55673838; -0.36872941]
[0.99999905, -0.00064943079, 0.00095209351;
  0.00064734305, 0.99999732, 0.0020641428;
  -0.000953537, -0.0020636111, 0.9999972][-0.0029472192; -0.0022039232; 0.0014602027][0.2047815; -0.027820855; 0.97841221]
0--------------------
plane[0.2047815; -0.027820855; 0.97841221]
[0.99999905, -0.00064943079, 0.00095209351;
  0.00064734305, 0.99999732, 0.0020641428;
  -0.000953537, -0.0020636111, 0.9999972]
[-0.0029472192, -0.0022039232, 0.0014602027]
rrrrrrrrrrrrrrrrrrrrrrrrr
 1.11266e-06 -1.97698e-06   0.00116924
    -2.0351   -0.752861 -0.00433842
Newone
[1.0035155, 0.00049484393, -1.812187;
  0.00057560089, 1.0034186, -0.51046997;
  9.6032295e-07, 2.7331296e-06, 1]
[0.99999964, -0.00058261014, -0.00020802852;
  0.00058236538, 0.99999946, -0.0011449659;
  0.00020866592, 0.0011448793, 0.99999917][0.0014926541; -0.0016805574; 0.0020759937][0.14202814; 0.1380589; -0.98018754]
[0.99999785, -0.00013751914, -0.0019626555;
  0.00013799664, 1.0000002, 0.00021067803;
  0.0019626252, -0.00021090391, 0.99999785][-0.0004376726; -0.00042398268; 0.0029984529][-0.48837465; 0.54910666; -0.6782124]
[0.99999964, -0.00058261014, -0.00020802852;
  0.00058236538, 0.99999946, -0.0011449659;
  0.00020866592, 0.0011448793, 0.99999917][0.0014926541; -0.0016805574; 0.0020759937][0.14202814; 0.1380589; -0.98018754]
1--------------------
plane[0.14202814; 0.1380589; -0.98018754]
-1.58351e-06 -2.41852e-06   0.00138747
   -1.50744   -0.540501 -0.00155232
Newone
[0.99758708, -0.00074263074, -0.32271415;
  0.00049043592, 0.99964052, 5.025588e-05;
  -2.9052802e-07, -2.8464399e-06, 1]
[0.99999744, 0.0011244543, -0.0018330731;
  -0.0011236264, 0.99999893, 0.00036952202;
  0.0018333688, -0.0003675851, 0.99999797][-0.0019413496; 0.0019391008; -0.0022868575][0.8679443; 0.49288487; 0.061132282]
[0.99999857, -0.0015191232, 3.0759755e-05;
  0.0015192275, 0.9999972, 0.0016147071;
  -3.3321699e-05, -0.001614819, 0.99999845][-0.003099689; -0.0017613786; -0.00021940598][0.54397064; -0.54361415; 0.63920224]
[0.99999857, -0.0015191232, 3.0759755e-05;
  0.0015192275, 0.9999972, 0.0016147071;
  -3.3321699e-05, -0.001614819, 0.99999845][-0.003099689; -0.0017613786; -0.00021940598][0.54397064; -0.54361415; 0.63920224]
1--------------------
plane[0.54397064; -0.54361415; 0.63920224]
[0.99999857, -0.0015191232, 3.0759755e-05;
  0.0015192275, 0.9999972, 0.0016147071;
  -3.3321699e-05, -0.001614819, 0.99999845]
[-0.003099689, -0.0017613786, -0.00021940598]
rrrrrrrrrrrrrrrrrrrrrrrrr
starting--------------------------------------
 1.35054e-05 -3.00538e-05   0.00710969
   85.9359   -3.57307 -0.0115177
Newone
[1.0149274, -0.0036874474, 87.060997;
  0.003061502, 1.0033773, -2.9165435;
  2.0311027e-06, -7.5527355e-06, 1]
[0.99999499, -0.0028394582, -0.0013999126;
  0.0028448773, 0.99998832, 0.0038831623;
  0.0013889412, -0.0038871283, 0.99999136][0.17558566; -0.0055334363; -0.0064078122][0.051460803; 0.0089984434; 0.99863446]
[0.98512179, -0.00047361906, 0.17185691;
  0.00077762548, 0.99999815, -0.0017016203;
  -0.17185575, 0.0018099409, 0.9851203][0.024029255; 0.0017965039; 0.17413032][0.99824125; -0.033220101; 0.049101263]
[0.99999499, -0.0028394582, -0.0013999126;
  0.0028448773, 0.99998832, 0.0038831623;
  0.0013889412, -0.0038871283, 0.99999136][0.17558566; -0.0055334363; -0.0064078122][0.051460803; 0.0089984434; 0.99863446]
0--------------------
plane[0.051460803; 0.0089984434; 0.99863446]
[-0.003302962114435527; -0.001062018899103851; 0.002834643321209702][0.1743214546386533; -0.004910209985488596; -0.006316037977117056]
[-0.003302962114435527; -0.001062018899103851; 0.002834643321209702]
[0.1743214546386533, -0.004910209985488596, -0.006316037977117056]
rrrrrrrrrrrrrrrrrrrrrrrrr
-7.24391e-05 9.11397e-05  -0.0297748
  73.1397   13.4872 0.0622437
Newone
[1.0289773, 0.002187852, 59.529392;
  0.0011118852, 1.0122911, -1.6948972;
  1.8645829e-05, -7.139502e-06, 1]
[0.99994224, 0.0031802966, -0.010262405;
  -0.0031430353, 0.99998844, 0.0036434815;
  0.010273872, -0.0036110077, 0.99994057][0.14014094; -0.002582381; -0.0097487792][0.064526826; 0.0088768536; 0.99787641]
[0.99178576, 0.0046516717, 0.12782526;
  -0.0048342617, 0.99998772, 0.0011183451;
  -0.12781842, -0.0017270916, 0.99179602][0.017316554; 0.0015485752; 0.13942355][0.99984193; -0.01432252; -0.010537237]
[0.99994224, 0.0031802966, -0.010262405;
  -0.0031430353, 0.99998844, 0.0036434815;
  0.010273872, -0.0036110077, 0.99994057][0.14014094; -0.002582381; -0.0097487792][0.064526826; 0.0088768536; 0.99787641]
1--------------------
plane[0.064526826; 0.0088768536; 0.99787641]
[-0.003509509845263951; -0.01021534119710463; -0.003148011781162311][0.1381522916300292; -0.002419514320779658; -0.009634846928644861]
[-0.003509509845263951; -0.01021534119710463; -0.003148011781162311]
[0.1381522916300292, -0.002419514320779658, -0.009634846928644861]
rrrrrrrrrrrrrrrrrrrrrrrrr
1.96194e-05 -2.2716e-05   0.0061747
   63.0823   -5.37262 -0.0226493
Newone
[1.0312417, -0.00089585158, 64.003754;
  0.0053044148, 1.0155003, -4.8778052;
  1.8528825e-05, -2.0593261e-06, 1]
[0.99994689, -0.00099791551, -0.010232951;
  0.0010081908, 0.99999887, 0.00099937781;
  0.010231979, -0.0010096426, 0.99994695][0.14790924; -0.0024878709; -0.010548472][0.063336134; 0.0052463925; 0.99797845]
[0.99081707, 8.3231142e-05, 0.13520749;
  0.00011222988, 0.99999881, -0.0014380491;
  -0.13520747, 0.0014400184, 0.99081606][0.018647447; 0.00075287058; 0.14712684][0.99981427; -0.017292671; -0.0084966719]
[0.99994689, -0.00099791551, -0.010232951;
  0.0010081908, 0.99999887, 0.00099937781;
  0.010231979, -0.0010096426, 0.99994695][0.14790924; -0.0024878709; -0.010548472][0.063336134; 0.0052463925; 0.99797845]
2--------------------
plane[0.063336134; 0.0052463925; 0.99797845]
[-0.001004357636468906; -0.01023287095743361; 0.001003031388458851][0.1455791017459869; -0.002448512816103345; -0.01038221098764658]
[-0.001004357636468906; -0.01023287095743361; 0.001003031388458851]
[0.1455791017459869, -0.002448512816103345, -0.01038221098764658]
rrrrrrrrrrrrrrrrrrrrrrrrr
 1.30169e-05 -4.83736e-05   0.00740619
   63.7043   -2.20605 -0.0244158
Newone
[1.0307407, -0.0005450591, 61.91814;
  0.0062711514, 1.0149304, -2.0449154;
  2.1438023e-05, 6.808073e-08, 1]
[0.99993223, -0.00089362077, -0.01158356;
  0.00089292356, 0.9999994, -6.4121428e-05;
  0.011583618, 5.3776908e-05, 0.99993265][0.14426133; 0.0036726547; -0.0079877302][0.062760681; 0.0023576841; 0.99802577]
[0.99148637, -0.00098635175, 0.13020499;
  0.00052926835, 0.99999338, 0.0035449502;
  -0.13020769, -0.0034458551, 0.99148053][0.017631255; 0.00059976196; 0.14344826][0.99968767; 0.024628831; 0.0042257011]
[0.99993223, -0.00089362077, -0.01158356;
  0.00089292356, 0.9999994, -6.4121428e-05;
  0.011583618, 5.3776908e-05, 0.99993265][0.14426133; 0.0036726547; -0.0079877302][0.062760681; 0.0023576841; 0.99802577]
3--------------------
plane[0.062760681; 0.0023576841; 0.99802577]
[5.899194944335595e-05; -0.01158388400411217; 0.0008932858958635269][0.1421425766714149; 0.003618803488996819; -0.007870440405237754]
[5.899194944335595e-05; -0.01158388400411217; 0.0008932858958635269]
[0.1421425766714149, 0.003618803488996819, -0.007870440405237754]
rrrrrrrrrrrrrrrrrrrrrrrrr
1.28492e-05 -1.7604e-05   0.0030899
    72.068   -2.36264 -0.0153057
Newone
[1.0334001, 0.0020435352, 67.414116;
  0.00734952, 1.0191224, -4.7725682;
  2.2609127e-05, 6.4133947e-06, 1]
[0.99992478, -0.0017464793, -0.012134484;
  0.001705021, 0.99999255, -0.0034267062;
  0.012140478, 0.0034057724, 0.99992043][0.15693456; 0.0036021243; -0.008726649][0.055435359; 0.011288738; 0.99839836]
[0.9899137, -0.000410304, 0.141671;
  0.00040111894, 0.99999982, 9.347892e-05;
  -0.14167096, -3.569675e-05, 0.98991376][0.018891908; 0.0015269071; 0.15607163][0.99971789; 0.021806439; 0.009416759]
[0.99992478, -0.0017464793, -0.012134484;
  0.001705021, 0.99999255, -0.0034267062;
  0.012140478, 0.0034057724, 0.99992043][0.15693456; 0.0036021243; -0.008726649][0.055435359; 0.011288738; 0.99839836]
4--------------------
plane[0.055435359; 0.011288738; 0.99839836]
[0.005505824444811347; -0.01039845804657243; 0.002058549589170773][0.1526154031654698; 0.005623992266616483; -0.007807530851876603]
[0.005505824444811347; -0.01039845804657243; 0.002058549589170773]
[0.1526154031654698, 0.005623992266616483, -0.007807530851876603]
rrrrrrrrrrrrrrrrrrrrrrrrr
starting--------------------------------------
starting--------------------------------------
-4.46701e-06 -9.92893e-06   0.00155179
  -1.21517   0.065948 0.00214403
Newone
[1.0022382, -0.0010062826, -1.4634244;
  -0.0002544579, 0.99892306, 0.12643969;
  -1.3604244e-06, -6.1222772e-07, 1]
[0.9999972, -0.0015288994, -0.0014847877;
  0.0015287171, 0.99999833, -0.0001607634;
  0.0014851131, 0.00015862181, 0.99999857][0.0033638219; -0.0014907692; -0.0022502658][0.97690135; 0.21323787; -0.013897955]
[0.99999905, 0.00064718444, 0.00066933822;
  -0.00064735609, 0.99999923, 0.00034136977;
  -0.00066904066, -0.00034173898, 0.99999934][0.0042129285; 0.00092153222; -5.8306381e-05][0.77957302; -0.34594715; -0.52209795]
[0.99999905, 0.00064718444, 0.00066933822;
  -0.00064735609, 0.99999923, 0.00034136977;
  -0.00066904066, -0.00034173898, 0.99999934][0.0042129285; 0.00092153222; -5.8306381e-05][0.77957302; -0.34594715; -0.52209795]
0--------------------
plane[0.77957302; -0.34594715; -0.52209795]
-1.97793e-07 8.41315e-06 -0.00174881
-0.400332  0.224009 0.0011207
Newone
[0.9960916, -0.0015688949, 0.18152708;
  -0.0001969202, 0.99647272, 0.54256499;
  -1.5565821e-06, -3.4732534e-06, 1]
[0.99999875, -0.00057352358, 0.0011232781;
  0.00057145755, 0.99999785, 0.0017761893;
  -0.0011242602, -0.0017754118, 0.99999738][-0.0031296648; -0.001902817; 0.0014681444][0.20709047; -0.036002815; 0.97765899]
[0.99999702, -6.634053e-05, -0.0022490586;
  6.6207234e-05, 0.99999964, -3.7623671e-05;
  0.0022490865, 3.7597161e-05, 0.99999702][-0.0008150544; 0.00013845373; -0.0038584298][0.79306674; 0.48228347; -0.3720853]
[0.99999875, -0.00057352358, 0.0011232781;
  0.00057145755, 0.99999785, 0.0017761893;
  -0.0011242602, -0.0017754118, 0.99999738][-0.0031296648; -0.001902817; 0.0014681444][0.20709047; -0.036002815; 0.97765899]
0--------------------
plane[0.20709047; -0.036002815; 0.97765899]
[0.99999875, -0.00057352358, 0.0011232781;
  0.00057145755, 0.99999785, 0.0017761893;
  -0.0011242602, -0.0017754118, 0.99999738]
[-0.0031296648, -0.001902817, 0.0014681444]
rrrrrrrrrrrrrrrrrrrrrrrrr
-7.60477e-07 -1.7832e-06  0.00081754
   -2.08734   -0.514875 -0.00268341
Newone
[1.0034317, 0.00049147947, -1.807295;
  0.00047497946, 1.0033661, -0.49683192;
  6.2037975e-07, 2.7138467e-06, 1]
[0.99999934, -0.00060659909, 3.7795966e-05;
  0.00060656737, 0.99999857, -0.0011320127;
  -3.7041613e-05, 0.0011320709, 0.99999887][0.0017248357; -0.0016662525; 0.0021440031][0.16925541; 0.13495152; -0.97628915]
[0.99999756, -9.1870141e-05, -0.0020048327;
  9.2200258e-05, 0.99999934, 0.00020048952;
  0.0020048602, -0.0002006375, 0.99999744][-0.00054740888; -0.00043577375; 0.0031398486][-0.53666031; 0.51785135; -0.66620243]
[0.99999934, -0.00060659909, 3.7795966e-05;
  0.00060656737, 0.99999857, -0.0011320127;
  -3.7041613e-05, 0.0011320709, 0.99999887][0.0017248357; -0.0016662525; 0.0021440031][0.16925541; 0.13495152; -0.97628915]
1--------------------
plane[0.16925541; 0.13495152; -0.97628915]
-1.67021e-06 -1.9875e-06    0.001634
   -0.765561    -0.422272 -0.000934042
Newone
[0.99733615, -0.00053922774, -0.30042142;
  0.00036268585, 0.99967766, 0.03045834;
  -6.8669408e-07, -2.4549734e-06, 1]
[0.99999779, 0.001160468, -0.0017131601;
  -0.0011599266, 0.99999911, 0.00029033574;
  0.0017133707, -0.00028830249, 0.99999827][-0.002117032; 0.0018843868; -0.0023163871][0.89495647; 0.43202105; 0.11140364]
