--------------------------------------
--------------------------------------
--------------------------------------
--------------------------------------
 0.856724         0 -0.515775
        0         1         0
 0.515775         0  0.856724
-0.0036071
0.000856091
0.999993
0.995913
1.05046
0
-0.588873
 0.652529         0 -0.757764
        0         1         0
 0.757764         0  0.652529
-0.00237377
-0.00152486
0.999996
1.00312
2.18848
0
-0.810593
 0.790032         0 -0.613066
        0         1         0
 0.613066         0  0.790032
-0.00261412
-0.000686475
0.999996
0.998475
1.39648
0
-0.681046
 0.772102         0 -0.635499
        0         1         0
 0.635499         0  0.772102
-0.00186471
0.000376353
0.999998
1.00069
1.49189
0
-0.703001
 0.71425        0 -0.69989
       0        1        0
 0.69989        0  0.71425
-0.00208111
-0.00110764
0.999997
1.00044
1.81204
0
-0.759168
  0.80151         0 -0.597981
        0         1         0
 0.597981         0   0.80151
-0.00099476
-6.91496e-05
1
1.00008
1.33508
0
-0.668884
 0.801412         0 -0.598113
        0         1         0
 0.598113         0  0.801412
0.00377865
0.00353524
-0.999987
0.998703
-1.33786
0
0.667572
 0.795151         0 -0.606411
        0         1         0
 0.606411         0  0.795151
-0.000470837
-0.000250614
1
1.00147
1.36834
0
-0.677709
--------------------------------------
 0.799072         0 -0.601235
        0         1         0
 0.601235         0  0.799072
-0.00188341
0.000559142
0.999998
0.998662
1.3485
0
-0.670571
 0.716319         0 -0.697773
        0         1         0
 0.697773         0  0.716319
-0.000269802
-0.00064481
1
1.00267
1.79773
0
-0.759517
  0.79191         0 -0.610638
        0         1         0
 0.610638         0   0.79191
-0.00274542
-0.000701348
0.999996
0.998023
1.38645
0
-0.678493
  0.81502         0 -0.579433
        0         1         0
 0.579433         0   0.81502
-0.00139215
0.000460158
0.999999
1.00037
1.26542
0
-0.652085
0.713741        0 -0.70041
       0        1        0
 0.70041        0 0.713741
-0.00115405
-0.000194657
0.999999
1.00112
1.81301
0
-0.760364
 0.806643         0 -0.591039
        0         1         0
 0.591039         0  0.806643
-0.00149854
-0.000479863
0.999999
0.999756
1.30871
0
-0.66224
0.798913        0 0.601447
       0        1        0
-0.601447        0 0.798913
-0.598108
0.527962
0.602928
0.997213
1.34703
0
0.669832
 0.854971         0 -0.518676
        0         1         0
 0.518676         0  0.854971
-0.000968614
0.000629759
0.999999
0.999571
1.05811
0
-0.594738
 0.847387         0 -0.530975
        0         1         0
 0.530975         0  0.847387
-0.000861637
-0.000757967
0.999999
1.0019
1.09783
0
-0.608157
 0.792249         0 -0.610198
        0         1         0
 0.610198         0  0.792249
-0.00191262
2.5837e-05
0.999998
0.999317
1.38443
0
-0.679215
 0.721167         0 -0.692761
        0         1         0
 0.692761         0  0.721167
-0.00136021
0.000546643
0.999999
0.997464
1.76877
0
-0.750658
 0.755039         0 -0.655679
        0         1         0
 0.655679         0  0.755039
-0.00120261
-0.000195526
0.999999
0.999195
1.58185
0
-0.719789
 0.741172         0 -0.671316
        0         1         0
 0.671316         0  0.741172
-0.00241711
-0.000863254
0.999997
0.997966
1.65888
0
-0.732328
 0.640241         0 -0.768174
        0         1         0
 0.768174         0  0.640241
-0.00108607
-0.000802686
0.999999
1.00153
2.26148
0
-0.818146
 0.774287         0 -0.632834
        0         1         0
 0.632834         0  0.774287
-0.00235384
-0.00122651
0.999996
0.998938
1.48048
0
-0.699099
  0.84195         0 -0.539556
        0         1         0
 0.539556         0   0.84195
-0.00220703
-2.80035e-05
0.999998
1.00105
1.12711
0
-0.61538
 0.775768         0 -0.631018
        0         1         0
 0.631018         0  0.775768
0.00174387
0.00169737
0.999997
1.00086
1.46632
0
-0.6998
  0.72436         0 -0.689422
        0         1         0
 0.689422         0   0.72436
-0.00181627
-0.00071176
0.999998
0.999592
1.75267
0
-0.74951
0.71639       0 -0.6977
      0       1       0
 0.6977       0 0.71639
-0.000160134
-0.000411262
1
1.00206
1.7965
0
-0.758965
0.886819        0 0.462116
       0        1        0
-0.462116        0 0.886819
0.882591
-0.038674
-0.468548
0.992491
-0.895179
0
-0.53407
 0.844442         0 -0.535647
        0         1         0
 0.535647         0  0.844442
-0.000448472
0.00108236
0.999999
1.00057
1.11236
0
-0.611623
 0.768589         0 -0.639743
        0         1         0
 0.639743         0  0.768589
-0.00245384
-0.000580585
0.999997
0.999634
1.51108
0
-0.705836
 0.954705         0 -0.297555
        0         1         0
 0.297555         0  0.954705
0.0177383
-0.00813978
0.99981
0.995989
0.501079
0
-0.367537
 0.887845         0 -0.460143
        0         1         0
 0.460143         0  0.887845
-0.00318926
0.0019095
0.999993
0.99939
0.888079
0
-0.537542
 0.673275         0 -0.739392
        0         1         0
 0.739392         0  0.673275
-0.000181401
0.000116386
1
1.00289
2.05121
0
-0.795313
 0.779435         0 -0.626484
        0         1         0
 0.626484         0  0.779435
-0.00134883
5.63556e-05
0.999999
0.999705
1.45151
0
-0.694251
 0.943528         0 -0.331294
        0         1         0
 0.331294         0  0.943528
0.00172563
0.00312149
0.999994
1.00197
0.572219
0
-0.407524
  0.70007         0 -0.714074
        0         1         0
 0.714074         0   0.70007
-0.00125959
0.000511509
0.999999
0.998913
1.89084
0
-0.770204
 0.649918         0 -0.760004
        0         1         0
 0.760004         0  0.649918
-0.00142017
-0.000415118
0.999999
0.99905
2.19729
0
-0.809125
0.676122        0 -0.73679
       0        1        0
 0.73679        0 0.676122
-0.00148224
-0.00126377
0.999998
1.00532
2.04024
0
-0.79495
 0.631635         0 -0.775266
        0         1         0
 0.775266         0  0.631635
-0.00149511
0.000160041
0.999999
0.999513
2.3171
0
-0.822229
 0.614991         0 -0.788534
        0         1         0
 0.788534         0  0.614991
-0.000659286
0.0015774
0.999999
0.998876
2.42741
0
-0.832704
 0.692129         0 -0.721774
        0         1         0
 0.721774         0  0.692129
0.000679345
-0.00124836
0.999999
1.00427
1.93976
0
-0.781465
 0.804008         0 -0.594619
        0         1         0
 0.594619         0  0.804008
-0.00330418
-0.00158725
0.999993
0.999294
1.32337
0
-0.665002
 0.772281         0 -0.635281
        0         1         0
 0.635281         0  0.772281
-0.00187181
0.000350093
0.999998
0.995075
1.48801
0
-0.6983
 0.999505         0 0.0314739
        0         1         0
-0.0314739         0  0.999505
0.0172576
-0.00181199
0.999849
1.0002
0.0454111
0
0.043679
 0.906864         0 -0.421423
        0         1         0
 0.421423         0  0.906864
-0.00144768
0.00318766
0.999994
1.00106
0.784536
0
-0.500373
 0.609329         0 -0.792917
        0         1         0
 0.792917         0  0.609329
-0.000930644
0.000466469
0.999999
0.99796
2.46546
0
-0.835502
 0.814465         0 -0.580213
        0         1         0
 0.580213         0  0.814465
0.00121813
-0.00146121
0.999998
1.00517
1.26828
0
-0.656769
 0.852998         0 -0.521914
        0         1         0
 0.521914         0  0.852998
-0.00284009
0.00282877
0.999992
0.997098
1.06992
0
-0.595598
 0.598857         0 -0.800856
        0         1         0
 0.800856         0  0.598857
-0.00159767
-0.00152339
0.999998
0.999482
2.5432
0
-0.843299
 0.880998         0 -0.473119
        0         1         0
 0.473119         0  0.880998
-0.000979846
-0.00061327
0.999999
0.99927
0.922514
0
-0.550571
 0.805972         0 -0.591954
        0         1         0
 0.591954         0  0.805972
-0.379683
0.71134
0.591469
1.00089
1.30801
0
-0.66457
0.626589        0 -0.77935
       0        1        0
 0.77935        0 0.626589
-0.00027378
-2.7916e-05
1
1.00345
2.35076
0
-0.829276
  0.90225         0 -0.431214
        0         1         0
 0.431214         0   0.90225
-0.0024537
-0.000864994
0.999997
0.999033
0.810139
0
-0.508678
 0.915736         0 -0.401782
        0         1         0
 0.401782         0  0.915736
-0.00069974
0.00551768
0.999985
1.0025
0.736045
0
-0.481238
 0.576604         0 -0.817024
        0         1         0
 0.817024         0  0.576604
-0.000972735
-0.00066301
0.999999
1.00328
2.70991
0
-0.859992
 0.846007         0 -0.533172
        0         1         0
 0.533172         0  0.846007
-0.0029673
-0.00138523
0.999995
0.999274
1.10636
0
-0.607918
  0.53582         0 -0.844332
        0         1         0
 0.844332         0   0.53582
0.000139142
-0.00201585
0.999998
1.00921
3.04638
0
-0.887532
  0.70213         0 -0.712049
        0         1         0
 0.712049         0   0.70213
0.00667281
0.00528469
-0.999964
0.992725
-1.88455
0
0.762542
 0.829049         0 -0.559175
        0         1         0
 0.559175         0  0.829049
0.00172358
0.0031186
0.999994
1.00292
1.18969
0
-0.635889
  0.95764         0 -0.287967
        0         1         0
 0.287967         0   0.95764
-0.00116421
-0.00193775
0.999997
1.00022
0.482948
0
-0.35883
   0.5845         0 -0.811394
        0         1         0
 0.811394         0    0.5845
0.000547863
9.08855e-05
1
1.00134
2.64153
0
-0.853877
 0.780679         0 -0.624933
        0         1         0
 0.624933         0  0.780679
0.00413655
0.00530549
-0.999977
0.994991
-1.4447
0
0.688872
 0.96785        0 -0.25153
       0        1        0
 0.25153        0  0.96785
0.00588309
-0.00193656
0.999981
1.00139
0.4114
0
-0.318565
  0.64392         0 -0.765093
        0         1         0
 0.765093         0   0.64392
-0.00115294
-0.000415873
0.999999
0.999387
2.23541
0
-0.813705
 0.652842         0 -0.757494
        0         1         0
 0.757494         0  0.652842
-0.00127667
-0.00237655
0.999996
1.00296
2.18426
0
-0.810332
 0.976975         0 -0.213353
        0         1         0
 0.213353         0  0.976975
0.974081
-0.0573708
0.218804
0.997567
0.341466
0
-0.27217
 0.789167         0 -0.614178
        0         1         0
 0.614178         0  0.789167
-0.00270295
0.00221938
0.999994
0.995954
1.40107
0
-0.679916
 0.723761         0 -0.690051
        0         1         0
 0.690051         0  0.723761
-0.000570969
-0.00024162
1
0.999578
1.75367
0
-0.750228
0.986095        0  0.16618
       0        1        0
-0.16618        0 0.986095
-0.00283156
0.00821138
0.999962
0.998615
0.258669
0
0.21634
 0.735075         0 -0.677986
        0         1         0
 0.677986         0  0.735075
-0.00175261
1.49645e-05
0.999998
0.999003
1.69241
0
-0.739077
 0.660181         0 -0.751106
        0         1         0
 0.751106         0  0.660181
-0.00149735
-0.000568213
0.999999
0.999046
2.13216
0
-0.801678
 0.751158         0 -0.660123
        0         1         0
 0.660123         0  0.751158
0.000814428
-0.000988811
0.999999
1.00425
1.60426
0
-0.727989
 0.700943         0 -0.713217
        0         1         0
 0.713217         0  0.700943
-0.00116322
-8.71665e-05
0.999999
1.001
1.88688
0
-0.771267
 0.554653         0 -0.832082
        0         1         0
 0.832082         0  0.554653
-0.000247043
-0.00166396
0.999999
1.00504
2.88207
0
-0.873873
 0.926385         0 -0.376579
        0         1         0
 0.376579         0  0.926385
0.000248753
-0.00146717
0.999999
1.00219
0.675067
0
-0.455183
 0.930698         0 -0.365788
        0         1         0
 0.365788         0  0.930698
-0.00506267
0.000539271
0.999987
0.996714
0.651773
0
-0.439835
 0.711146         0 -0.703044
        0         1         0
 0.703044         0  0.711146
-0.00125322
-0.000609642
0.999999
0.999886
1.82703
0
-0.761593
 0.869498         0 -0.493937
        0         1         0
 0.493937         0  0.869498
-0.00181941
-0.000660428
0.999998
1.00169
0.983095
0
-0.572574
 0.916553         0 -0.399913
        0         1         0
 0.399913         0  0.916553
-0.00373625
0.00332509
0.999987
0.996459
0.732558
0
-0.474912
 0.617189         0 -0.786815
        0         1         0
 0.786815         0  0.617189
-0.000742901
-0.000764432
0.999999
1.00052
2.41301
0
-0.832784
 0.859907         0 -0.510451
        0         1         0
 0.510451         0  0.859907
-0.000936553
0.000398493
0.999999
0.998637
1.03218
0
-0.586236
 0.860523         0 -0.509412
        0         1         0
 0.509412         0  0.860523
-0.000835214
-0.000692815
0.999999
1.00164
1.02984
0
-0.587413
  0.66391         0 -0.747813
        0         1         0
 0.747813         0   0.66391
-0.000330223
-0.000776812
1
1.00156
2.10824
0
-0.80125
0.807849        0 -0.58939
       0        1        0
 0.58939        0 0.807849
-0.000811143
-0.00059735
0.999999
1.00198
1.30289
0
-0.66252
 0.910595         0 -0.413299
        0         1         0
 0.413299         0  0.910595
-0.00301627
-0.000501472
0.999995
0.997913
0.764153
0
-0.489924
--------------------------------------
[1, 0, 0, 0;
  0, 1, 0, 0;
  0, 0, 1, 0]
[1, 0, 0, 0;
  0, 1, 0, 0;
  0, 0, 1, 0]
[1, 0, 0, 0;
  0, 1, 0, 0;
  0, 0, 1, 0]
[0.99999946, 0.0010344355, 0.00070266542, -0.0040391986;
  -0.0010348608, 0.99999952, 0.00077824877, -0.0016385389;
  -0.00070192624, -0.0007787685, 0.99999958, -0.00039319834]
[0.99999946, 0.0010344355, 0.00070266542, -0.0040391986;
  -0.0010348608, 0.99999952, 0.00077824877, -0.0016385389;
  -0.00070192624, -0.0007787685, 0.99999958, -0.00039319834]
[1.0000006, -0.00083077356, -0.00030459557, 0.0013880727;
  0.00083048776, 0.99999994, -0.0011505194, -0.0017312893;
  0.00030533737, 0.0011503145, 1.0000002, 0.0017542897]
[1.0000006, -0.00083077356, -0.00030459557, 0.0013880727;
  0.00083048776, 0.99999994, -0.0011505194, -0.0017312893;
  0.00030533737, 0.0011503145, 1.0000002, 0.0017542897]
[0.99999839, 0.0018434238, 0.00016151481, -0.0034960401;
  -0.0018435481, 0.99999785, 0.00091557502, -0.0022658643;
  -0.00015982147, -0.00091585855, 0.99999976, 0.00010534888]
[0.99999839, 0.0018434238, 0.00016151481, -0.0034960401;
  -0.0018435481, 0.99999785, 0.00091557502, -0.0022658643;
  -0.00015982147, -0.00091585855, 0.99999976, 0.00010534888]
[0.99999899, 0.00049666123, -0.0014519213, -0.0028815721;
  -0.00049646926, 0.99999988, 0.00013979564, -0.00086858368;
  0.0014520877, -0.00013913226, 0.99999899, 0.00048697973]
[0.99999899, 0.00049666123, -0.0014519213, -0.0028815721;
  -0.00049646926, 0.99999988, 0.00013979564, -0.00086858368;
  0.0014520877, -0.00013913226, 0.99999899, 0.00048697973]
[0.99999976, -0.00055276707, -0.00010521893, 0.0020302462;
  0.0005527765, 0.99999988, -0.00014520672, -0.00045236171;
  0.00010529945, 0.00014518875, 0.99999994, 0.0013798916]
[0.99999976, -0.00055276707, -0.00010521893, 0.0020302462;
  0.0005527765, 0.99999988, -0.00014520672, -0.00045236171;
  0.00010529945, 0.00014518875, 0.99999994, 0.0013798916]
[1.0000001, 0.00045599978, 9.8775708e-05, 0.0022432841;
  -0.00045609134, 0.99999958, 0.00089297706, 0.00048418154;
  -9.8446508e-05, -0.00089302898, 0.9999997, 0.00041493686]
[1.0000001, 0.00045599978, 9.8775708e-05, 0.0022432841;
  -0.00045609134, 0.99999958, 0.00089297706, 0.00048418154;
  -9.8446508e-05, -0.00089302898, 0.9999997, 0.00041493686]
[0.99999839, 0.001890642, 7.9011676e-05, -0.0041009458;
  -0.001890718, 0.99999797, 0.00078521756, -0.0019202518;
  -7.7448567e-05, -0.0007853423, 0.99999994, 0.00066029991]
[0.99999839, 0.001890642, 7.9011676e-05, -0.0041009458;
  -0.001890718, 0.99999797, 0.00078521756, -0.0019202518;
  -7.7448567e-05, -0.0007853423, 0.99999994, 0.00066029991]
[0.99999952, -0.00063933473, 0.00043562136, 0.0020648628;
  0.00063960062, 0.99999946, -0.00064502395, -0.00098777807;
  -0.00043528024, 0.00064553041, 0.9999994, 0.0010776957]
[0.99999952, -0.00063933473, 0.00043562136, 0.0020648628;
  0.00063960062, 0.99999946, -0.00064502395, -0.00098777807;
  -0.00043528024, 0.00064553041, 0.9999994, 0.0010776957]
[0.9999994, 0.0010914092, -0.00065113307, -0.0017451358;
  -0.0010911156, 0.99999928, 0.00050262472, -0.00055148045;
  0.00065168843, -0.0005018799, 0.99999982, -0.00019475204]
[0.9999994, 0.0010914092, -0.00065113307, -0.0017451358;
  -0.0010911156, 0.99999928, 0.00050262472, -0.00055148045;
  0.00065168843, -0.0005018799, 0.99999982, -0.00019475204]
[0.99999988, 0.00065962842, 8.8887042e-05, -0.0036045597;
  -0.00065964548, 0.99999952, 0.0004677554, 4.8391521e-06;
  -8.8530345e-05, -0.00046782024, 0.99999988, 0.00045527547]
[0.99999988, 0.00065962842, 8.8887042e-05, -0.0036045597;
  -0.00065964548, 0.99999952, 0.0004677554, 4.8391521e-06;
  -8.8530345e-05, -0.00046782024, 0.99999988, 0.00045527547]
[1, 0, 0, 0;
  0, 1, 0, 0;
  0, 0, 1, 0]
[1, 0, 0, 0;
  0, 1, 0, 0;
  0, 0, 1, 0]
[0.99999839, 0.0014479943, -0.00044825132, 0.0030456863;
  -0.0014477166, 0.99999815, 0.00088350783, 0.0015081506;
  0.00044967516, -0.00088304863, 0.99999899, 0.00026584265]
[0.99999839, 0.0014479943, -0.00044825132, 0.0030456863;
  -0.0014477166, 0.99999815, 0.00088350783, 0.0015081506;
  0.00044967516, -0.00088304863, 0.99999899, 0.00026584265]
[0.99999934, -0.00065665931, 0.00022567705, 0.0027056939;
  0.00065670838, 0.99999976, -3.7666712e-05, -0.00045216596;
  -0.00022558488, 3.7991624e-05, 0.9999997, 0.0008801365]
[0.99999934, -0.00065665931, 0.00022567705, 0.0027056939;
  0.00065670838, 0.99999976, -3.7666712e-05, -0.00045216596;
  -0.00022558488, 3.7991624e-05, 0.9999997, 0.0008801365]
[0.99999869, 0.0011906085, -0.0010512816, -0.003285015;
  -0.001190479, 0.99999934, 0.00016595169, -0.00097486033;
  0.0010512493, -0.0001646739, 0.9999994, 0.00065538415]
[0.99999869, 0.0011906085, -0.0010512816, -0.003285015;
  -0.001190479, 0.99999934, 0.00016595169, -0.00097486033;
  0.0010512493, -0.0001646739, 0.9999994, 0.00065538415]
[0.99999911, -0.0011725677, 0.00063910108, 0.0031300543;
  0.0011734484, 0.99999827, -0.0013408451, -0.0020807416;
  -0.00063743349, 0.0013415636, 0.99999905, 0.0020893505]
[0.99999911, -0.0011725677, 0.00063910108, 0.0031300543;
  0.0011734484, 0.99999827, -0.0013408451, -0.0020807416;
  -0.00063743349, 0.0013415636, 0.99999905, 0.0020893505]
[0.99999881, -0.00059600244, -0.0018425619, 0.0023622725;
  0.00059512554, 1.0000001, -0.00043226438, -0.0013345949;
  0.0018427938, 0.00043095447, 0.99999869, -0.0033729391]
[0.99999881, -0.00059600244, -0.0018425619, 0.0023622725;
  0.00059512554, 1.0000001, -0.00043226438, -0.0013345949;
  0.0018427938, 0.00043095447, 0.99999869, -0.0033729391]
[0.99999881, 0.00057299918, -0.0017076561, -0.0034489019;
  -0.0005721554, 1.0000001, 0.00047867245, -0.001074089;
  0.0017079789, -0.00047792029, 0.99999887, 0.0032166815]
[0.99999881, 0.00057299918, -0.0017076561, -0.0034489019;
  -0.0005721554, 1.0000001, 0.00047867245, -0.001074089;
  0.0017079789, -0.00047792029, 0.99999887, 0.0032166815]
[1.0000002, 0.00025272765, 0.00049735699, 0.0027986052;
  -0.00025329314, 0.99999928, 0.0013783533, 0.0023153678;
  -0.00049703743, -0.0013783831, 0.99999911, 0.0016466035]
[1.0000002, 0.00025272765, 0.00049735699, 0.0027986052;
  -0.00025329314, 0.99999928, 0.0013783533, 0.0023153678;
  -0.00049703743, -0.0013783831, 0.99999911, 0.0016466035]
[0.99999899, -0.0013736581, -0.00041354823, 0.0029029043;
  0.0013734269, 0.99999887, -0.00057003682, -0.0020137902;
  0.00041433124, 0.0005695101, 0.99999976, 0.00024013488]
[0.99999899, -0.0013736581, -0.00041354823, 0.0029029043;
  0.0013734269, 0.99999887, -0.00057003682, -0.0020137902;
  0.00041433124, 0.0005695101, 0.99999976, 0.00024013488]
[0.99999958, -0.00037870565, 0.0010015601, 0.0031379049;
  0.00037976107, 0.9999997, -0.0010162615, -0.0012239113;
  -0.0010012318, 0.0010166607, 0.99999917, 0.0012396103]
[0.99999958, -0.00037870565, 0.0010015601, 0.0031379049;
  0.00037976107, 0.9999997, -0.0010162615, -0.0012239113;
  -0.0010012318, 0.0010166607, 0.99999917, 0.0012396103]
[0.99999702, -0.0016032135, -0.0020427562, 0.0022854058;
  0.0016017983, 0.99999899, -0.00068660051, -0.0012253096;
  0.0020439841, 0.00068335299, 0.99999809, -0.0014777101]
--------------------------------------
[1, 0, 0, 0;
  0, 1, 0, 0;
  0, 0, 1, 0]
[1, 0, 0, 0;
  0, 1, 0, 0;
  0, 0, 1, 0]
[1, 0, 0, 0;
  0, 1, 0, 0;
  0, 0, 1, 0]
[0.99999917, -0.00060870132, 0.0010496421, -0.0030510151;
  0.00060663174, 0.99999768, 0.0019058111, -0.0020392174;
  -0.0010507478, -0.0019051568, 0.9999975, 0.0014672511]
[0.99999917, -0.00060870132, 0.0010496421, -0.0030510151;
  0.00060663174, 0.99999768, 0.0019058111, -0.0020392174;
  -0.0010507478, -0.0019051568, 0.9999975, 0.0014672511]
[0.99999881, -0.0014784803, 8.1826496e-05, -0.0032096377;
  0.0014781954, 0.99999744, 0.0015421199, -0.0016550533;
  -8.4031235e-05, -0.0015420732, 0.99999845, -0.00033208227]
[0.99999881, -0.0014784803, 8.1826496e-05, -0.0032096377;
  0.0014781954, 0.99999744, 0.0015421199, -0.0016550533;
  -8.4031235e-05, -0.0015420732, 0.99999845, -0.00033208227]
[0.9999994, 1.9700185e-05, 0.00063724024, -0.0021494785;
  -2.0549882e-05, 0.99999875, 0.0014089288, -0.0013787451;
  -0.00063729397, -0.0014089125, 0.99999857, 0.0014321487]
[0.9999994, 1.9700185e-05, 0.00063724024, -0.0021494785;
  -2.0549882e-05, 0.99999875, 0.0014089288, -0.0013787451;
  -0.00063729397, -0.0014089125, 0.99999857, 0.0014321487]
[0.99999952, -0.00037195825, 0.00046111629, -0.0027464963;
  0.00037184337, 0.99999934, 0.00021851269, -0.00014089922;
  -0.00046117543, -0.0002183429, 0.99999958, 0.00037933013]
[0.99999952, -0.00037195825, 0.00046111629, -0.0027464963;
  0.00037184337, 0.99999934, 0.00021851269, -0.00014089922;
  -0.00046117543, -0.0002183429, 0.99999958, 0.00037933013]
[0.99999988, -0.00082949916, -2.6164125e-05, -0.0029111516;
  0.00082935265, 0.99999928, 0.00092993764, -0.0009685118;
  2.5466839e-05, -0.00093005347, 0.99999952, -5.3987605e-05]
[0.99999988, -0.00082949916, -2.6164125e-05, -0.0029111516;
  0.00082935265, 0.99999928, 0.00092993764, -0.0009685118;
  2.5466839e-05, -0.00093005347, 0.99999952, -5.3987605e-05]
[0.99999982, -0.00050745148, 0.00076191005, -0.0031208771;
  0.00050645624, 0.9999994, 0.0013015862, -0.00097847823;
  -0.00076252047, -0.0013013415, 0.99999911, 8.6607761e-05]
[0.99999982, -0.00050745148, 0.00076191005, -0.0031208771;
  0.00050645624, 0.9999994, 0.0013015862, -0.00097847823;
  -0.00076252047, -0.0013013415, 0.99999911, 8.6607761e-05]
[0.99999994, 0.00022054496, 0.00056140765, 0.0022070862;
  -0.00022102451, 0.99999869, 0.0014670661, 0.00123003;
  -0.0005609389, -0.0014672785, 0.99999863, -0.0017718298]
[0.99999994, 0.00022054496, 0.00056140765, 0.0022070862;
  -0.00022102451, 0.99999869, 0.0014670661, 0.00123003;
  -0.0005609389, -0.0014672785, 0.99999863, -0.0017718298]
[0.99999952, -0.00060766772, 0.0013480313, -0.0035017363;
  0.00060615106, 0.9999997, 0.0010692968, -0.0011840406;
  -0.0013487008, -0.001068517, 0.99999911, 9.157625e-05]
[0.99999952, -0.00060766772, 0.0013480313, -0.0035017363;
  0.00060615106, 0.9999997, 0.0010692968, -0.0011840406;
  -0.0013487008, -0.001068517, 0.99999911, 9.157625e-05]
[0.99999928, 0.00033982328, 0.001098922, -0.0025135214;
  -0.00034124427, 0.99999881, 0.0013529735, -0.0010566601;
  -0.0010984327, -0.0013533406, 0.99999845, 0.00073966308]
[0.99999928, 0.00033982328, 0.001098922, -0.0025135214;
  -0.00034124427, 0.99999881, 0.0013529735, -0.0010566601;
  -0.0010984327, -0.0013533406, 0.99999845, 0.00073966308]
[0.99999923, 0.00015121115, 0.001182958, -0.0035511083;
  -0.00015279127, 0.99999946, 0.0012834581, -0.00095531868;
  -0.0011828712, -0.0012835705, 0.99999845, 0.00035886257]
[0.99999923, 0.00015121115, 0.001182958, -0.0035511083;
  -0.00015279127, 0.99999946, 0.0012834581, -0.00095531868;
  -0.0011828712, -0.0012835705, 0.99999845, 0.00035886257]
[1, 0, 0, 0;
  0, 1, 0, 0;
  0, 0, 1, 0]
[1, 0, 0, 0;
  0, 1, 0, 0;
  0, 0, 1, 0]
[0.99999928, -3.2303658e-05, 0.00076500111, -0.0073977434;
  3.1388656e-05, 0.99999923, 0.0010734276, -0.0023125638;
  -0.00076500967, -0.0010735256, 0.99999893, 0.0017828575]
[0.99999928, -3.2303658e-05, 0.00076500111, -0.0073977434;
  3.1388656e-05, 0.99999923, 0.0010734276, -0.0023125638;
  -0.00076500967, -0.0010735256, 0.99999893, 0.0017828575]
[0.99999982, -0.00073285989, 0.00028012504, -0.0057999822;
  0.00073228724, 0.99999893, 0.0012536672, -0.0023642003;
  -0.00028109961, -0.0012535902, 0.99999934, 0.00080499519]
[0.99999982, -0.00073285989, 0.00028012504, -0.0057999822;
  0.00073228724, 0.99999893, 0.0012536672, -0.0023642003;
  -0.00028109961, -0.0012535902, 0.99999934, 0.00080499519]
[0.99999934, 0.0002905599, 0.00034760113, -0.0058587459;
  -0.00029069118, 0.99999905, 0.00083154894, -0.0020301333;
  -0.00034720817, -0.00083155237, 0.99999917, 0.0021083022]
[0.99999934, 0.0002905599, 0.00034760113, -0.0058587459;
  -0.00029069118, 0.99999905, 0.00083154894, -0.0020301333;
  -0.00034720817, -0.00083155237, 0.99999917, 0.0021083022]
[0.99999917, -0.0010421872, -0.0005082562, -0.0062312903;
  0.0010428163, 0.99999833, 0.0012547644, -0.0019406227;
  0.00050686119, -0.0012554049, 0.99999875, -0.00066027441]
[0.99999917, -0.0010421872, -0.0005082562, -0.0062312903;
  0.0010428163, 0.99999833, 0.0012547644, -0.0019406227;
  0.00050686119, -0.0012554049, 0.99999875, -0.00066027441]
[0.99999982, -0.00021907264, 0.00058260752, 0.0047917943;
  0.00021892437, 0.99999952, 0.00037267464, 0.0024639368;
  -0.00058241037, -0.00037235886, 0.9999994, -0.0012407087]
[0.99999982, -0.00021907264, 0.00058260752, 0.0047917943;
  0.00021892437, 0.99999952, 0.00037267464, 0.0024639368;
  -0.00058241037, -0.00037235886, 0.9999994, -0.0012407087]
[0.99999976, -0.00020718716, -7.1524173e-06, -0.003595893;
  0.00020722988, 1, 0.00030063116, 0.00067669066;
  7.0561796e-06, -0.00030053541, 1, 0.0015193]
[0.99999976, -0.00020718716, -7.1524173e-06, -0.003595893;
  0.00020722988, 1, 0.00030063116, 0.00067669066;
  7.0561796e-06, -0.00030053541, 1, 0.0015193]
[0.99999887, -0.0016261343, -0.00042904238, -0.0058511938;
  0.00162659, 0.99999887, 0.00067830418, -0.0040438096;
  0.00042826356, -0.00067887979, 1.0000004, -0.0014105543]
[0.99999887, -0.0016261343, -0.00042904238, -0.0058511938;
  0.00162659, 0.99999887, 0.00067830418, -0.0040438096;
  0.00042826356, -0.00067887979, 1.0000004, -0.0014105543]
[0.9999994, -4.6322479e-05, -0.00060803839, 0.0033279888;
  4.6552635e-05, 0.99999958, -0.00015080479, -0.00098549796;
  0.00060773786, 0.00015087178, 0.99999934, -0.001987718]
[0.9999994, -4.6322479e-05, -0.00060803839, 0.0033279888;
  4.6552635e-05, 0.99999958, -0.00015080479, -0.00098549796;
  0.00060773786, 0.00015087178, 0.99999934, -0.001987718]
[0.99999923, -0.0001507593, -0.00012766801, -0.0052074278;
  0.00015095799, 0.9999994, 0.00054875849, -0.0015208876;
  0.00012757748, -0.00054890476, 0.99999905, -0.0011540684]
[0.99999923, -0.0001507593, -0.00012766801, -0.0052074278;
  0.00015095799, 0.9999994, 0.00054875849, -0.0015208876;
  0.00012757748, -0.00054890476, 0.99999905, -0.0011540684]
[0.99999958, -0.00097719044, 3.980023e-05, -0.0041669798;
  0.0009771547, 0.99999923, -0.00079689291, -0.00089474604;
  -3.9075316e-05, 0.00079729769, 0.99999952, -0.0010262582]
--------------------------------------
--------------------------------------
--------------------------------------
--------------------------------------
--------------------------------------
--------------------------------------
--------------------------------------
--------------------------------------
--------------------------------------
--------------------------------------
--------------------------------------
--------------------------------------
--------------------------------------
--------------------------------------
[1, 0, 0, 0;
  0, 1, 0, 0;
  0, 0, 1, 0]
[1, 0, 0, 0;
  0, 1, 0, 0;
  0, 0, 1, 0]
[1, 0, 0, 0;
  0, 1, 0, 0;
  0, 0, 1, 0]
[0.99999619, -0.0027254825, 1.5434293e-06, 0.17533471;
  0.0027254557, 0.99997753, -0.0061182561, 0.0046624537;
  1.5243139e-05, 0.0061182375, 0.99998116, -0.0081472695]
[0.99999619, -0.0027254825, 1.5434293e-06, 0.17533471;
  0.0027254557, 0.99997753, -0.0061182561, 0.0046624537;
  1.5243139e-05, 0.0061182375, 0.99998116, -0.0081472695]
[0.9999519, 0.0032631452, -0.0092715919, 0.14005035;
  -0.00331575, 0.99997866, -0.0056667272, 0.0068568094;
  0.0092528854, 0.0056971633, 0.99994117, -0.012218684]
[0.9999519, 0.0032631452, -0.0092715919, 0.14005035;
  -0.00331575, 0.99997866, -0.0056667272, 0.0068568094;
  0.0092528854, 0.0056971633, 0.99994117, -0.012218684]
[0.99995905, -0.0012410656, -0.0089712078, 0.14697567;
  0.0012097262, 0.99999338, -0.0034951339, 0.0019391853;
  0.0089755002, 0.0034841255, 0.99995369, -0.013208665]
[0.99995905, -0.0012410656, -0.0089712078, 0.14697567;
  0.0012097262, 0.99999338, -0.0034951339, 0.0019391853;
  0.0089755002, 0.0034841255, 0.99995369, -0.013208665]
[0.99999607, -0.0018420218, -0.0021761938, 0.13322185;
  0.0018627146, 0.99995291, 0.0095399702, -0.0062271329;
  0.002158578, -0.0095439507, 0.99995232, -0.0089253224]
[0.99999607, -0.0018420218, -0.0021761938, 0.13322185;
  0.0018627146, 0.99995291, 0.0095399702, -0.0062271329;
  0.002158578, -0.0095439507, 0.99995232, -0.0089253224]
[0.99999458, -0.0032742389, -0.00017984404, 0.14243162;
  0.0032774101, 0.99974948, 0.022143813, -0.022271467;
  0.0001073204, -0.02214428, 0.99975473, -0.0060371608]
[0.99999458, -0.0032742389, -0.00017984404, 0.14243162;
  0.0032774101, 0.99974948, 0.022143813, -0.022271467;
  0.0001073204, -0.02214428, 0.99975473, -0.0060371608]
[0.9999302, 0.00097305275, -0.011778999, 0.14433518;
  -0.00085316569, 0.99994797, 0.010178817, -0.0067004417;
  0.01178834, -0.010168056, 0.99987888, -0.0084906071]
[0.9999302, 0.00097305275, -0.011778999, 0.14433518;
  -0.00085316569, 0.99994797, 0.010178817, -0.0067004417;
  0.01178834, -0.010168056, 0.99987888, -0.0084906071]
[0.99999887, -0.00047514407, -0.0015150057, -0.14776289;
  0.00048692268, 0.99996978, 0.0077681723, 0.0081054801;
  0.0015112654, -0.0077688759, 0.99996883, 0.0081563145]
--------------------------------------
[1, 0, 0, 0;
  0, 1, 0, 0;
  0, 0, 1, 0]
[1, 0, 0, 0;
  0, 1, 0, 0;
  0, 0, 1, 0]
[1, 0, 0, 0;
  0, 1, 0, 0;
  0, 0, 1, 0]
[0.99999303, -0.0025561589, 0.0027482684, 0.17275193;
  0.0025805635, 0.99995697, -0.0089215804, 0.0074979905;
  -0.0027253323, 0.0089286081, 0.99995643, -0.0097941384]
--------------------------------------
[1, 0, 0, 0;
  0, 1, 0, 0;
  0, 0, 1, 0]
[1, 0, 0, 0;
  0, 1, 0, 0;
  0, 0, 1, 0]
[1, 0, 0, 0;
  0, 1, 0, 0;
  0, 0, 1, 0]
[0.99999422, -0.0028969375, 0.0017262715, 0.17335305;
  0.0029044049, 0.99998635, -0.0043410328, 0.002895195;
  -0.0017135993, 0.0043460215, 0.99998903, -0.0087307617]
[0.99999422, -0.0028969375, 0.0017262715, 0.17335305;
  0.0029044049, 0.99998635, -0.0043410328, 0.002895195;
  -0.0017135993, 0.0043460215, 0.99998903, -0.0087307617]
[1, 0, 0, 0;
  0, 1, 0, 0;
  0, 0, 1, 0]
[1, 0, 0, 0;
  0, 1, 0, 0;
  0, 0, 1, 0]
[0.99993145, 0.0031250992, -0.011296729, 0;
  -0.0031649235, 0.99998909, -0.0035088668, 0;
  0.011285501, 0.0035443683, 0.99993026, 0]
[0.99993145, 0.0031250992, -0.011296729, 0;
  -0.0031649235, 0.99998909, -0.0035088668, 0;
  0.011285501, 0.0035443683, 0.99993026, 0]
[1, 0, 0, 0;
  0, 1, 0, 0;
  0, 0, 1, 0]
[1, 0, 0, 0;
  0, 1, 0, 0;
  0, 0, 1, 0]
[0.99990386, -0.0014952463, -0.013785881, 0;
  0.0014849087, 0.99999857, -0.00076120708, 0;
  0.013787049, 0.00074067037, 0.99990463, 0]
[0.99990386, -0.0014952463, -0.013785881, 0;
  0.0014849087, 0.99999857, -0.00076120708, 0;
  0.013787049, 0.00074067037, 0.99990463, 0]
[1, 0, 0, 0;
  0, 1, 0, 0;
  0, 0, 1, 0]
[1, 0, 0, 0;
  0, 1, 0, 0;
  0, 0, 1, 0]
[0.99990737, -0.0016623699, -0.013516854, 0;
  0.0016366406, 0.99999696, -0.0019135653, 0;
  0.01351994, 0.0018912583, 0.99990696, 0]
[0.99990737, -0.0016623699, -0.013516854, 0;
  0.0016366406, 0.99999696, -0.0019135653, 0;
  0.01351994, 0.0018912583, 0.99990696, 0]
[1, 0, 0, 0;
  0, 1, 0, 0;
  0, 0, 1, 0]
[1, 0, 0, 0;
  0, 1, 0, 0;
  0, 0, 1, 0]
[0.99990594, -0.002973102, -0.013377706, 0;
  0.0028779537, 0.99997044, -0.0071246289, 0;
  0.013398422, 0.0070854528, 0.99988496, 0]
--------------------------------------
[1, 0, 0, 0;
  0, 1, 0, 0;
  0, 0, 1, 0]
[1, 0, 0, 0;
  0, 1, 0, 0;
  0, 0, 1, 0]
[1, 0, 0, 0;
  0, 1, 0, 0;
  0, 0, 1, 0]
[0.99999636, -0.0027149273, 0.00012615981, 0.1751819;
  0.0027156549, 0.99997741, -0.0061566215, 0.0046990318;
  -0.00010937737, 0.0061569461, 0.99998099, -0.0081903413]
[0.99999636, -0.0027149273, 0.00012615981, 0.1751819;
  0.0027156549, 0.99997741, -0.0061566215, 0.0046990318;
  -0.00010937737, 0.0061569461, 0.99998099, -0.0081903413]
[1, 0, 0, 0;
  0, 1, 0, 0;
  0, 0, 1, 0]
[1, 0, 0, 0;
  0, 1, 0, 0;
  0, 0, 1, 0]
[0.99993479, 0.0032301398, -0.010978444, 0;
  -0.0032613163, 0.99999088, -0.0028231316, 0;
  0.01096925, 0.0028587426, 0.99993604, 0]
--------------------------------------
[1, 0, 0, 0;
  0, 1, 0, 0;
  0, 0, 1, 0]
[1, 0, 0, 0;
  0, 1, 0, 0;
  0, 0, 1, 0]
[1, 0, 0, 0;
  0, 1, 0, 0;
  0, 0, 1, 0]
[0.99999636, -0.0027149273, 0.00012615981, 0.1751819;
  0.0027156549, 0.99997741, -0.0061566215, 0.0046990318;
  -0.00010937737, 0.0061569461, 0.99998099, -0.0081903413]
--------------------------------------
[1, 0, 0, 0;
  0, 1, 0, 0;
  0, 0, 1, 0]
[1, 0, 0, 0;
  0, 1, 0, 0;
  0, 0, 1, 0]
[1, 0, 0, 0;
  0, 1, 0, 0;
  0, 0, 1, 0]
[0.99999636, -0.0027149273, 0.00012615981, 0.1751819;
  0.0027156549, 0.99997741, -0.0061566215, 0.0046990318;
  -0.00010937737, 0.0061569461, 0.99998099, -0.0081903413]
[0.99999636, -0.0027149273, 0.00012615981, 0.1751819;
  0.0027156549, 0.99997741, -0.0061566215, 0.0046990318;
  -0.00010937737, 0.0061569461, 0.99998099, -0.0081903413]
[1, 0, 0, 0;
  0, 1, 0, 0;
  0, 0, 1, 0]
[1, 0, 0, 0;
  0, 1, 0, 0;
  0, 0, 1, 0]
[0.99993318, 0.0031749106, -0.011103115, 0;
  -0.0032163428, 0.9999879, -0.0037168704, 0;
  0.011091267, 0.0037523166, 0.99993128, 0]
[0.99993318, 0.0031749106, -0.011103115, 0;
  -0.0032163428, 0.9999879, -0.0037168704, 0;
  0.011091267, 0.0037523166, 0.99993128, 0]
[0.99991357, -0.0011043022, -0.013103738, 0;
  0.0010426111, 0.99998838, -0.0047150659, 0;
  0.013108807, 0.0047010086, 0.99990302, 0]
[0.99991357, -0.0011043022, -0.013103738, 0;
  0.0010426111, 0.99998838, -0.0047150659, 0;
  0.013108807, 0.0047010086, 0.99990302, 0]
[0.99991685, -0.001581953, -0.012789766, 0;
  0.0015430864, 0.99999398, -0.0030493017, 0;
  0.012794477, 0.0030292999, 0.99991345, 0]
[0.99991685, -0.001581953, -0.012789766, 0;
  0.0015430864, 0.99999398, -0.0030493017, 0;
  0.012794477, 0.0030292999, 0.99991345, 0]
[1, 0, 0, 0;
  0, 1, 0, 0;
  0, 0, 1, 0]
[1, 0, 0, 0;
  0, 1, 0, 0;
  0, 0, 1, 0]
[0.99991822, -0.0027888059, -0.012498137, 0;
  0.0026683053, 0.99995011, -0.0096490299, 0;
  0.012524383, 0.0096148932, 0.99987555, 0]
[0.99991822, -0.0027888059, -0.012498137, 0;
  0.0026683053, 0.99995011, -0.0096490299, 0;
  0.012524383, 0.0096148932, 0.99987555, 0]
[1, 0, 0, 0;
  0, 1, 0, 0;
  0, 0, 1, 0]
[1, 0, 0, 0;
  0, 1, 0, 0;
  0, 0, 1, 0]
[0.99988848, 0.0019558407, -0.014835071, 0;
  -0.0019299233, 0.99999702, 0.0017610233, 0;
  0.014838514, -0.0017321628, 0.99988896, 0]
--------------------------------------
[1, 0, 0, 0;
  0, 1, 0, 0;
  0, 0, 1, 0]
[1, 0, 0, 0;
  0, 1, 0, 0;
  0, 0, 1, 0]
[1, 0, 0, 0;
  0, 1, 0, 0;
  0, 0, 1, 0]
[0.99999303, -0.0025561589, 0.0027482684, 0.17275193;
  0.0025805635, 0.99995697, -0.0089215804, 0.0074979905;
  -0.0027253323, 0.0089286081, 0.99995643, -0.0097941384]
[0.99999303, -0.0025561589, 0.0027482684, 0.17275193;
  0.0025805635, 0.99995697, -0.0089215804, 0.0074979905;
  -0.0027253323, 0.0089286081, 0.99995643, -0.0097941384]
[0.99995285, 0.003281662, -0.0091174999, 0.13985249;
  -0.0033347958, 0.99997729, -0.0058210716, 0.0070131496;
  0.0090980902, 0.0058511831, 0.99994147, -0.01224985]
[0.99995285, 0.003281662, -0.0091174999, 0.13985249;
  -0.0033347958, 0.99997729, -0.0058210716, 0.0070131496;
  0.0090980902, 0.0058511831, 0.99994147, -0.01224985]
[0.99996042, -0.0012275291, -0.0088113593, 0.14676721;
  0.0011964135, 0.99999285, -0.0035374665, 0.0019833054;
  0.0088156192, 0.0035267998, 0.99995488, -0.013206124]
[0.99996042, -0.0012275291, -0.0088113593, 0.14676721;
  0.0011964135, 0.99999285, -0.0035374665, 0.0019833054;
  0.0088156192, 0.0035267998, 0.99995488, -0.013206124]
[1, 0, 0, 0;
  0, 1, 0, 0;
  0, 0, 1, 0]
--------------------------------------
[1, 0, 0, 0;
  0, 1, 0, 0;
  0, 0, 1, 0]
[1, 0, 0, 0;
  0, 1, 0, 0;
  0, 0, 1, 0]
[1, 0, 0, 0;
  0, 1, 0, 0;
  0, 0, 1, 0]
[0.99999648, -0.0027581865, 7.5961878e-05, 0.17520182;
  0.0027585707, 0.99998093, -0.0055589192, 0.0040940777;
  -6.0551014e-05, 0.0055591003, 0.99998474, -0.0081363395]
[0.99999648, -0.0027581865, 7.5961878e-05, 0.17520182;
  0.0027585707, 0.99998093, -0.0055589192, 0.0040940777;
  -6.0551014e-05, 0.0055591003, 0.99998474, -0.0081363395]
[0.99996299, 0.0029233622, -0.008074386, 0.13840432;
  -0.0029354435, 0.99999452, -0.0014807682, 0.0025962596;
  0.0080699483, 0.001504414, 0.99996608, -0.012186423]
[0.99996299, 0.0029233622, -0.008074386, 0.13840432;
  -0.0029354435, 0.99999452, -0.0014807682, 0.0025962596;
  0.0080699483, 0.001504414, 0.99996608, -0.012186423]
[0.99995959, -0.0012776956, -0.0088860225, 0.14683828;
  0.0012531476, 0.99999535, -0.0027657151, 0.0011901684;
  0.0088895857, 0.0027544571, 0.99995673, -0.013177164]
[0.99995959, -0.0012776956, -0.0088860225, 0.14683828;
  0.0012531476, 0.99999535, -0.0027657151, 0.0011901684;
  0.0088895857, 0.0027544571, 0.99995673, -0.013177164]
[1, 0, 0, -nan;
  0, 1, 0, -nan;
  0, 0, 1, -nan]
[1, 0, 0, -nan;
  0, 1, 0, -nan;
  0, 0, 1, -nan]
[0.99990422, -0.0017013535, -0.013701783, inf;
  0.0016828404, 0.99999726, -0.001362602, inf;
  0.013704204, 0.0013394082, 0.99990469, -inf]
[0.99990422, -0.0017013535, -0.013701783, inf;
  0.0016828404, 0.99999726, -0.001362602, inf;
  0.013704204, 0.0013394082, 0.99990469, -inf]
[0.99989873, -0.0029488034, -0.013919087, inf;
  0.002832301, 0.99996084, -0.0083800843, inf;
  0.013943219, 0.0083398139, 0.99986804, -inf]
--------------------------------------
[1, 0, 0, 0;
  0, 1, 0, 0;
  0, 0, 1, 0]
[1, 0, 0, 0;
  0, 1, 0, 0;
  0, 0, 1, 0]
[1, 0, 0, 0;
  0, 1, 0, 0;
  0, 0, 1, 0]
[0.99999261, -0.0032812287, 0.0020367545, 0.17242432;
  0.0032771565, 0.99999273, 0.0020150535, -0.0034874128;
  -0.0020433809, -0.002008331, 0.99999595, -0.0080835074]
[0.99999261, -0.0032812287, 0.0020367545, 0.17242432;
  0.0032771565, 0.99999273, 0.0020150535, -0.0034874128;
  -0.0020433809, -0.002008331, 0.99999595, -0.0080835074]
[0.99995279, 0.0032823954, -0.0091629447, 0.13987696;
  -0.0033343348, 0.99997854, -0.0056556631, 0.006859981;
  0.009144186, 0.0056859595, 0.99994218, -0.012046531]
[0.99995279, 0.0032823954, -0.0091629447, 0.13987696;
  -0.0033343348, 0.99997854, -0.0056556631, 0.006859981;
  0.009144186, 0.0056859595, 0.99994218, -0.012046531]
[0.99995977, -0.0012450143, -0.008861294, 0.14678554;
  0.0012164214, 0.9999938, -0.0032304649, 0.0016829022;
  0.0088652615, 0.0032195279, 0.9999553, -0.013040915]
[0.99995977, -0.0012450143, -0.008861294, 0.14678554;
  0.0012164214, 0.9999938, -0.0032304649, 0.0016829022;
  0.0088652615, 0.0032195279, 0.9999553, -0.013040915]
[0.99998856, -0.0016865479, -0.0044751763, 0.13617422;
  0.0016983363, 0.99999517, 0.0026296433, 0.0007235643;
  0.0044708815, -0.0026371658, 0.99998653, -0.0096358582]
[0.99998856, -0.0016865479, -0.0044751763, 0.13617422;
  0.0016983363, 0.99999517, 0.0026296433, 0.0007235643;
  0.0044708815, -0.0026371658, 0.99998653, -0.0096358582]
[0.99999487, -0.0031606052, 0.00081603392, 0.14124389;
  0.0031410269, 0.99973273, 0.022914594, -0.023008108;
  -0.00088840909, -0.022911906, 0.99973726, -0.0058984384]
[0.99999487, -0.0031606052, 0.00081603392, 0.14124389;
  0.0031410269, 0.99973273, 0.022914594, -0.023008108;
  -0.00088840909, -0.022911906, 0.99973726, -0.0058984384]
[0.99995482, 0.0010728916, -0.0094320923, 0.1416426;
  -0.00094300928, 0.99990469, 0.013767978, -0.010218767;
  0.0094458628, -0.013758456, 0.99986064, -0.0072606429]
[0.99995482, 0.0010728916, -0.0094320923, 0.1416426;
