starting--------------------------------------
[0.99968427, 0.0066365013, -0.02423477;
  -0.0066537457, 0.99997771, -0.00062941015;
  0.024229934, 0.00079051137, 0.99970609][0.0053646732; 0.0036409351; -0.021667883][0.99968648; -0.024660952; 0.0043196082]
[0.99999261, 0.0028717204, -0.0025395139;
  -0.0028749357, 0.99999511, -0.0012518817;
  0.0025358095, 0.0012592417, 0.99999595][0.022603771; -0.00066560484; 0.00039972365][0.22358251; 0.1611349; -0.96127331]
[0.99999261, 0.0028717204, -0.0025395139;
  -0.0028749357, 0.99999511, -0.0012518817;
  0.0025358095, 0.0012592417, 0.99999595]
[0.022603771, -0.00066560484, 0.00039972365]
0--------------------
plane[0.22358251; 0.1611349; -0.96127331]
[0.99891669, 0.004291126, -0.046330206;
  -0.004381035, 0.99998862, -0.001840021;
  0.046321712, 0.0020409853, 0.99892414][0.0097535495; 0.0025755791; -0.040597819][0.99707627; 0.076097839; -0.0069197714]
[0.99997962, 0.0024583815, -0.0058355802;
  -0.00245197, 0.9999963, 0.0010997852;
  0.0058381329, -0.0010854717, 0.999982][0.04171399; 0.0030415622; 0.00080017559][0.20755157; 0.061904557; -0.97626328]
[0.99997962, 0.0024583815, -0.0058355802;
  -0.00245197, 0.9999963, 0.0010997852;
  0.0058381329, -0.0010854717, 0.999982]
[0.04171399, 0.0030415622, 0.00080017559]
1--------------------
plane[0.20755157; 0.061904557; -0.97626328]
[0.99756843, 0.0099225268, -0.068985671;
  -0.010132722, 0.99994522, -0.0026979123;
  0.068955101, 0.0033903515, 0.99761415][0.015363466; 0.0054258509; -0.061991572][0.99949598; 0.031563349; -0.0033804774]
[0.99996281, 0.005049373, -0.0070120329;
  -0.0050580828, 0.99998665, -0.0012268742;
  0.0070057367, 0.0012622807, 0.99997485][0.06404005; 0.0015376195; 0.0022225659][0.20211685; 0.084232867; -0.97573239]
[0.99996281, 0.005049373, -0.0070120329;
  -0.0050580828, 0.99998665, -0.0012268742;
  0.0070057367, 0.0012622807, 0.99997485]
[0.06404005, 0.0015376195, 0.0022225659]
2--------------------
plane[0.20211685; 0.084232867; -0.97573239]
[0.9935236, 0.0053084046, -0.11350181;
  -0.0056434041, 0.99998093, -0.0026304212;
  0.11348574, 0.0032539463, 0.99353439][0.02234645; 0.0036890982; -0.069282293][0.9951157; 0.015323425; -0.097518295]
[0.99889982, 0.0021636661, -0.046844956;
  -0.0022682582, 0.99999535, -0.0021798108;
  0.046840083, 0.0022836863, 0.99889994][0.072874501; 0.00084755337; -0.0012643151][0.22914797; 0.049152143; -0.97214973]
[0.99889982, 0.0021636661, -0.046844956;
  -0.0022682582, 0.99999535, -0.0021798108;
  0.046840083, 0.0022836863, 0.99889994]
[0.072874501, 0.00084755337, -0.0012643151]
3--------------------
plane[0.22914797; 0.049152143; -0.97214973]
[0.98905635, 0.010122198, -0.1471888;
  -0.010379968, 0.99994534, -0.00098344043;
  0.14717075, 0.0025004609, 0.98910761][0.023940664; 0.011334293; -0.072425678][0.9854672; 0.062034864; -0.15813279]
[0.99680686, 0.00068059668, -0.079843365;
  -0.00057554443, 0.99999869, 0.0013384232;
  0.079844065, -0.001288236, 0.9968062][0.076914877; 0.0043679453; -0.0034818575][0.20096111; 0.14816497; -0.96832931]
[0.99680686, 0.00068059668, -0.079843365;
  -0.00057554443, 0.99999869, 0.0013384232;
  0.079844065, -0.001288236, 0.9968062]
[0.076914877, 0.0043679453, -0.0034818575]
4--------------------
plane[0.20096111; 0.14816497; -0.96832931]
[0.99972546, 0.0018453778, -0.023353614;
  -0.0019388326, 0.99999034, -0.0039818287;
  0.023346115, 0.0040261419, 0.99971926][0.0072634378; -0.0058803158; -0.0035760566][0.11506015; 0.56680208; -0.81577969]
[0.99956572, 0.0067132413, -0.028691128;
  -0.0066337837, 0.99997401, 0.0028614816;
  0.028709659, -0.0026697852, 0.99958414][0.0013876099; 0.0056711333; -0.0081262905][0.71886295; -0.58480054; -0.37582484]
[0.99972546, 0.0018453778, -0.023353614;
  -0.0019388326, 0.99999034, -0.0039818287;
  0.023346115, 0.0040261419, 0.99971926]
[0.0072634378, -0.0058803158, -0.0035760566]
0--------------------
plane[0.11506015; 0.56680208; -0.81577969]
[0.99973899, 0.0021907433, -0.022734687;
  -0.0021387129, 0.99999481, 0.0023178749;
  0.022739416, -0.0022686722, 0.99973863][0.001802678; 0.0038370173; -0.0069746864][0.86012578; -0.099094287; -0.50036401]
[0.99984449, -0.0013107173, -0.017574366;
  0.0013058168, 0.99999887, -0.00028584732;
  0.017574551, 0.0002628431, 0.99984533][0.0071008988; -0.00081588433; -0.0039408333][0.20339647; 0.47106171; -0.85833019]
[0.99984449, -0.0013107173, -0.017574366;
  0.0013058168, 0.99999887, -0.00028584732;
  0.017574551, 0.0002628431, 0.99984533]
[0.0071008988, -0.00081588433, -0.0039408333]
1--------------------
plane[0.20339647; 0.47106171; -0.85833019]
[0.99912161, 0.00053570012, -0.041893557;
  -0.00058220467, 0.99999899, -0.001099262;
  0.041893132, 0.0011226496, 0.99912125][0.0069627925; 0.00013063173; -0.020374788][0.93760431; 0.26095867; -0.22977942]
[0.99970502, 0.0021777537, -0.024180258;
  -0.0020774654, 0.99998891, 0.0041679186;
  0.024189115, -0.0041165031, 0.9996987][0.020348664; 0.0055847447; -0.0042862501][0.29191816; 0.0079223365; -0.95641035]
[0.99970502, 0.0021777537, -0.024180258;
  -0.0020774654, 0.99998891, 0.0041679186;
  0.024189115, -0.0041165031, 0.9996987]
[0.020348664, 0.0055847447, -0.0042862501]
2--------------------
plane[0.29191816; 0.0079223365; -0.95641035]
[0.99804038, 0.0013153219, -0.062563665;
  -0.0013525775, 0.99999917, -0.00055306236;
  0.062562935, 0.00063660915, 0.99804103][0.015306247; 0.0017858802; -0.038642302][0.98519635; 0.026081566; -0.16943413]
[0.99964708, -4.2731888e-05, -0.026573773;
  4.641058e-05, 1.0000002, 0.00013796186;
  0.026573846, -0.00013913655, 0.99964702][0.041259952; 0.001059904; -0.0052144993][0.32612547; 0.042938124; -0.9443509]
[0.99964708, -4.2731888e-05, -0.026573773;
  4.641058e-05, 1.0000002, 0.00013796186;
  0.026573846, -0.00013913655, 0.99964702]
[0.041259952, 0.001059904, -0.0052144993]
3--------------------
plane[0.32612547; 0.042938124; -0.9443509]
[0.99659061, -0.001336598, -0.082495384;
  0.0011233356, 0.99999583, -0.0026318112;
  0.082498454, 0.0025302067, 0.99658799][0.023828289; -0.001748227; -0.056029838][0.94321585; 0.26381093; -0.20186096]
[0.99944031, 0.006261609, -0.032863706;
  -0.005850567, 0.99990356, 0.012588253;
  0.032939222, -0.012388908, 0.99938059][0.058107212; 0.015876709; -0.0090370439][0.33751073; -0.023210078; -0.94103557]
[0.99944031, 0.006261609, -0.032863706;
  -0.005850567, 0.99990356, 0.012588253;
  0.032939222, -0.012388908, 0.99938059]
[0.058107212, 0.015876709, -0.0090370439]
4--------------------
plane[0.33751073; -0.023210078; -0.94103557]
[0.99446929, 0.0061874413, -0.10484116;
  -0.0065381173, 0.99997377, -0.0030013965;
  0.10481992, 0.0036702533, 0.99448413][0.031572171; 0.0079426318; -0.076481253][0.98735833; 0.078178898; -0.13788092]
[0.99948525, 0.00078396662, -0.032057047;
  -0.00072960439, 0.99999791, 0.0017078728;
  0.032058377, -0.0016836197, 0.99948424][0.082685933; 0.0062116515; -0.0058069341][0.31557485; 0.096027166; -0.94402921]
[0.99948525, 0.00078396662, -0.032057047;
  -0.00072960439, 0.99999791, 0.0017078728;
  0.032058377, -0.0016836197, 0.99948424]
[0.082685933, 0.0062116515, -0.0058069341]
5--------------------
plane[0.31557485; 0.096027166; -0.94402921]
[0.99208748, 0.00457132, -0.12546699;
  -0.0051048058, 0.99997938, -0.0039312504;
  0.12544638, 0.004540618, 0.99209011][0.036794826; 0.0042437604; -0.093043476][0.99162102; 0.074589811; -0.10547134]
[0.99936157, 0.0030776965, -0.035598721;
  -0.0029985884, 0.99999303, 0.0022740278;
  0.035605427, -0.0021658437, 0.99936372][0.099862218; 0.0070832986; -0.0025142804][0.29115582; 0.042721361; -0.95572126]
[0.99936157, 0.0030776965, -0.035598721;
  -0.0029985884, 0.99999303, 0.0022740278;
  0.035605427, -0.0021658437, 0.99936372]
[0.099862218, 0.0070832986, -0.0025142804]
6--------------------
plane[0.29115582; 0.042721361; -0.95572126]
[0.99875826, -0.002706547, -0.049757194;
  0.00241086, 0.99997932, -0.0060075982;
  0.049772777, 0.0058803041, 0.99874365][0.011516382; -0.0074653164; -0.0067090522][0.3862913; 0.41918862; -0.82162035]
[0.9984228, 0.0051178513, -0.055919111;
  -0.0049602739, 0.99998361, 0.0029505596;
  0.05593358, -0.0026683863, 0.99843138][0.0065638879; 0.0064153881; -0.012211779][0.73022997; -0.48847967; -0.4776524]
[0.99875826, -0.002706547, -0.049757194;
  0.00241086, 0.99997932, -0.0060075982;
  0.049772777, 0.0058803041, 0.99874365]
[0.011516382, -0.0074653164, -0.0067090522]
0--------------------
plane[0.3862913; 0.41918862; -0.82162035]
[0.99825329, -0.0004628551, -0.059091628;
  -0.00028141492, 0.99992132, -0.012590952;
  0.059092905, 0.012585543, 0.99817365][0.016416842; -0.014517665; 0.00097303931][-0.095668912; 0.38217726; -0.91912347]
[0.99728245, 0.0050669336, -0.073510304;
  -0.0050679441, 0.99998778, 0.00016907055;
  0.073510289, 0.00020393367, 0.9972949][-0.00073791854; 0.0085146092; -0.020203441][0.75144786; -0.65979147; -0.0012513399]
[0.99825329, -0.0004628551, -0.059091628;
  -0.00028141492, 0.99992132, -0.012590952;
  0.059092905, 0.012585543, 0.99817365]
[0.016416842, -0.014517665, 0.00097303931]
1--------------------
plane[-0.095668912; 0.38217726; -0.91912347]
[0.99528366, -0.0038295647, -0.096936315;
  0.0030902079, 0.99996543, -0.007775296;
  0.096962616, 0.0074389922, 0.99526072][0.011690283; -0.009053926; -0.010646074][0.15845923; 0.59958309; -0.78446865]
[0.99467283, 0.0048132362, -0.10297412;
  -0.0042596827, 0.99997574, 0.0055959732;
  0.1029985, -0.0051276251, 0.99466878][0.004306851; 0.010938442; -0.01392037][0.58028072; -0.49727896; -0.64497137]
[0.99528366, -0.0038295647, -0.096936315;
  0.0030902079, 0.99996543, -0.007775296;
  0.096962616, 0.0074389922, 0.99526072]
[0.011690283, -0.009053926, -0.010646074]
2--------------------
plane[0.15845923; 0.59958309; -0.78446865]
[0.99614006, -0.0022027732, -0.08774706;
  0.0013505262, 0.9999513, -0.0097666997;
  0.087764636, 0.0096104015, 0.99609482][0.017909927; -0.012564296; 0.0020215763][-0.26430386; 0.7116636; -0.65090609]
[0.99510062, 0.0073863645, -0.0985884;
  -0.007659459, 0.99996775, -0.0023879281;
  0.098567992, 0.0031312308, 0.99512535][-0.0044087432; 0.015740873; -0.014679977][0.82200366; -0.5691607; 0.019136637]
[0.99614006, -0.0022027732, -0.08774706;
  0.0013505262, 0.9999513, -0.0097666997;
  0.087764636, 0.0096104015, 0.99609482]
[0.017909927, -0.012564296, 0.0020215763]
3--------------------
plane[-0.26430386; 0.7116636; -0.65090609]
[0.9945932, 0.0078034317, -0.1035593;
  -0.006792828, 0.99992609, 0.010109446;
  0.10363062, -0.0093516158, 0.99457252][0.025748312; 0.014920675; -0.017687464][0.51443404; -0.12005258; -0.84908503]
[0.99361914, -0.0037918228, -0.1127277;
  0.0033194374, 0.99998516, -0.004376248;
  0.11274274, 0.0039738384, 0.99361688][0.020875502; -0.0042712735; -0.027284028][0.68339711; 0.43386936; -0.58713371]
[0.9945932, 0.0078034317, -0.1035593;
  -0.006792828, 0.99992609, 0.010109446;
  0.10363062, -0.0093516158, 0.99457252]
[0.025748312, 0.014920675, -0.017687464]
4--------------------
plane[0.51443404; -0.12005258; -0.84908503]
[0.99179137, 0.0053963414, -0.12775548;
  -0.0052603371, 0.99998534, 0.0014032555;
  0.12776127, -0.00071977451, 0.99180543][0.023857925; 0.010498282; -0.037654221][0.90487623; -0.12950683; -0.40549606]
[0.99486625, -0.0068031359, -0.10097246;
  0.0060777911, 0.99995369, -0.0074878098;
  0.10101882, 0.0068356078, 0.99486172][0.04329602; -0.0058579315; -0.013725672][0.42357695; 0.22637975; -0.87711757]
[0.99486625, -0.0068031359, -0.10097246;
  0.0060777911, 0.99995369, -0.0074878098;
  0.10101882, 0.0068356078, 0.99486172]
[0.04329602, -0.0058579315, -0.013725672]
5--------------------
plane[0.42357695; 0.22637975; -0.87711757]
[0.98852915, 0.0067704418, -0.15087548;
  -0.006952879, 0.99997532, -0.00068133476;
  0.15086736, 0.001722561, 0.98855186][0.02776465; 0.013688611; -0.054141436][0.95761585; -0.17457455; -0.2291187]
[0.99448311, -0.0098857023, -0.10442533;
  0.0085928272, 0.99988061, -0.012823077;
  0.10453977, 0.011855087, 0.99444938][0.061076291; -0.010744775; -0.0066170506][0.33083013; 0.21295327; -0.91934848]
[0.99448311, -0.0098857023, -0.10442533;
  0.0085928272, 0.99988061, -0.012823077;
  0.10453977, 0.011855087, 0.99444938]
[0.061076291, -0.010744775, -0.0066170506]
6--------------------
plane[0.33083013; 0.21295327; -0.91934848]
[0.98591614, -0.0033507962, -0.16720715;
  0.0028389958, 0.99999034, -0.0033003439;
  0.16721669, 0.002779224, 0.98591638][0.041499872; 0.0023567621; -0.080823705][0.93867862; 0.20446157; -0.27762938]
[0.99507731, 0.002232101, -0.099077255;
  -0.00097061956, 0.99991769, 0.012777871;
  0.099097647, -0.012618758, 0.99499786][0.087906018; 0.018553553; -0.013731822][0.33409321; 0.030068249; -0.94206047]
[0.99507731, 0.002232101, -0.099077255;
  -0.00097061956, 0.99991769, 0.012777871;
  0.099097647, -0.012618758, 0.99499786]
[0.087906018, 0.018553553, -0.013731822]
7--------------------
plane[0.33409321; 0.030068249; -0.94206047]
[0.99984163, 0.0015971449, -0.017739808;
  -0.0016257073, 0.99999774, -0.0015940656;
  0.01773696, 0.0016226046, 0.99984157][0.009802958; -0.0015163325; -0.014485832][0.98412824; 0.088094242; -0.1540488]
[0.99998063, 0.0039412002, -0.0048618349;
  -0.0039418316, 0.99999255, -0.00011313046;
  0.004861129, 0.00013225086, 0.99998832][0.017311696; 0.0015008772; -0.0025078193][0.54924083; -0.085547082; -0.83127397]
[0.99998063, 0.0039412002, -0.0048618349;
  -0.0039418316, 0.99999255, -0.00011313046;
  0.004861129, 0.00013225086, 0.99998832]
[0.017311696, 0.0015008772, -0.0025078193]
0--------------------
plane[0.54924083; -0.085547082; -0.83127397]
[0.99905103, -0.0015405087, -0.043520294;
  0.0012617952, 0.9999783, -0.0064294524;
  0.043529443, 0.0063683135, 0.9990316][0.023432208; -0.0062887599; -0.0059636938][0.51454079; 0.12354971; -0.84851801]
[0.99824333, 0.0047033285, -0.059053794;
  -0.0047318563, 0.9999885, -0.00034248503;
  0.059051722, 0.000621179, 0.99825454][0.013930393; 0.0031362684; -0.020500986][0.9248631; -0.25107187; -0.28564116]
[0.99905103, -0.0015405087, -0.043520294;
  0.0012617952, 0.9999783, -0.0064294524;
  0.043529443, 0.0063683135, 0.9990316]
[0.023432208, -0.0062887599, -0.0059636938]
1--------------------
plane[0.51454079; 0.12354971; -0.84851801]
[0.99673289, -0.0034764328, -0.080696419;
  0.0031199956, 0.99998534, -0.0045414013;
  0.080710962, 0.0042747702, 0.99672884][0.016787451; -0.0049361046; -0.0088521736][0.64511889; 0.41452974; -0.64186203]
[0.99642777, 0.0064530824, -0.084205329;
  -0.0062626535, 0.99997777, 0.0025267033;
  0.084219679, -0.0019903632, 0.99644572][0.013657541; 0.0081216469; -0.011491519][0.81633121; -0.25095761; -0.52021515]
[0.99673289, -0.0034764328, -0.080696419;
  0.0031199956, 0.99998534, -0.0045414013;
  0.080710962, 0.0042747702, 0.99672884]
[0.016787451, -0.0049361046, -0.0088521736]
2--------------------
plane[0.64511889; 0.41452974; -0.64186203]
[0.99540102, -0.0014375363, -0.095780484;
  0.00053861015, 0.9999553, -0.0094087673;
  0.095789768, 0.0093138795, 0.99535781][0.02829201; -0.010232625; -0.007343106][0.37469697; 0.42585805; -0.8235575]
[0.99346077, 0.014284912, -0.11327334;
  -0.014078071, 0.99989718, 0.0026269797;
  0.11329923, -0.001015143, 0.99356014][0.014291117; 0.013196365; -0.024097417][0.88599956; -0.32553551; -0.33019865]
[0.99540102, -0.0014375363, -0.095780484;
  0.00053861015, 0.9999553, -0.0094087673;
  0.095789768, 0.0093138795, 0.99535781]
[0.02829201, -0.010232625, -0.007343106]
3--------------------
plane[0.37469697; 0.42585805; -0.8235575]
[0.99326998, -0.0063680778, -0.11564651;
  0.005937248, 0.99997419, -0.00406921;
  0.11566929, 0.0033553427, 0.99328226][0.012954616; -0.010290314; -0.021545488][0.64717019; 0.69759309; -0.30746484]
[0.99445808, 0.0086408965, -0.10477832;
  -0.0072219372, 0.99987721, 0.013914341;
  0.10488551, -0.013080368, 0.99439842][0.018415773; 0.018897541; -0.0064546848][0.38677275; -0.37441406; -0.84274626]
[0.99445808, 0.0086408965, -0.10477832;
  -0.0072219372, 0.99987721, 0.013914341;
  0.10488551, -0.013080368, 0.99439842]
[0.018415773, 0.018897541, -0.0064546848]
4--------------------
plane[0.38677275; -0.37441406; -0.84274626]
[0.9915852, 0.0098958891, -0.12907542;
  -0.0096699186, 0.99995047, 0.0023765638;
  0.12909243, -0.0011083052, 0.99163181][0.024511229; 0.010063687; -0.035005186][0.92239517; -0.092100203; -0.3751058]
[0.99460775, -0.0013807776, -0.10369715;
  0.00091071904, 0.99998915, -0.0045812591;
  0.10370222, 0.0044622198, 0.99459827][0.04211976; -0.0042029493; -0.011649136][0.4606896; 0.23028386; -0.85716647]
[0.99460775, -0.0013807776, -0.10369715;
  0.00091071904, 0.99998915, -0.0045812591;
  0.10370222, 0.0044622198, 0.99459827]
[0.04211976, -0.0042029493, -0.011649136]
5--------------------
plane[0.4606896; 0.23028386; -0.85716647]
[0.98891431, 0.0066501736, -0.14833954;
  -0.0067462735, 0.99997735, -0.00014486877;
  0.14833529, 0.0011440577, 0.98893678][0.029979279; 0.0093294783; -0.048919138][0.96959722; -0.065642565; -0.23573756]
[0.99431497, -0.0037355165, -0.10641529;
  0.0031718144, 0.99998015, -0.0054657711;
  0.10643385, 0.0050971857, 0.99430704][0.057641909; -0.0038788139; -0.0064221211][0.40402603; 0.15865839; -0.9008832]
[0.99431497, -0.0037355165, -0.10641529;
  0.0031718144, 0.99998015, -0.0054657711;
  0.10643385, 0.0050971857, 0.99430704]
[0.057641909, -0.0038788139, -0.0064221211]
6--------------------
plane[0.40402603; 0.15865839; -0.9008832]
[0.98605669, 0.020451844, -0.16515104;
  -0.020177867, 0.99979103, 0.0033370291;
  0.16518466, 4.1966545e-05, 0.98626292][0.047904983; 0.017629873; -0.063467994][0.95174897; -0.12694198; -0.27939242]
[0.99348211, -0.0014781223, -0.11398255;
  0.00033373781, 0.99994957, -0.010058191;
  0.11399157, 0.0099546406, 0.9934321][0.079836056; -0.011035081; -0.011760889][0.47141635; 0.21819958; -0.85449153]
[0.99348211, -0.0014781223, -0.11398255;
  0.00033373781, 0.99994957, -0.010058191;
  0.11399157, 0.0099546406, 0.9934321]
[0.079836056, -0.011035081, -0.011760889]
7--------------------
plane[0.47141635; 0.21819958; -0.85449153]
[0.99997789, -0.0065908865, 5.475053e-05;
  0.0065909731, 0.99996501, -0.0050560716;
  -2.1294252e-05, 0.0050565284, 0.99998653][0.017612621; -0.0079082306; 0.00018663704][0.51920664; 0.014473945; -0.85452586]
[0.99988496, -0.0021510087, -0.014993546;
  0.0021763491, 0.99999577, 0.0016833901;
  0.014990035, -0.0017156656, 0.9998855][0.010146281; 0.00035123387; -0.016422819][0.91046453; -0.4135721; 0.0035430789]
[0.99997789, -0.0065908865, 5.475053e-05;
  0.0065909731, 0.99996501, -0.0050560716;
  -2.1294252e-05, 0.0050565284, 0.99998653]
[0.017612621, -0.0079082306, 0.00018663704]
0--------------------
plane[0.51920664; 0.014473945; -0.85452586]
[0.95618409, 0.038384084, 0.29023805;
  -0.034039449, 0.99922013, -0.02000482;
  -0.29077956, 0.0092486925, 0.95674527][-0.20542778; 0.028801106; 0.13623334][0.31338564; 0.10525711; 0.94377458]
[0.99993682, -0.0030995184, -0.010782336;
  0.003118163, 0.99999356, 0.0017120237;
  0.010776952, -0.0017455905, 0.99994028][-0.11056925; -0.023040801; -0.22098227][0.89893234; -0.10470736; -0.42539027]
[0.95618409, 0.038384084, 0.29023805;
  -0.034039449, 0.99922013, -0.02000482;
  -0.29077956, 0.0092486925, 0.95674527]
[0.20542778, -0.028801106, -0.13623334]
0--------------------
plane[-0.31338564; -0.10525711; -0.94377458]
[0.99947065, -0.0014589288, -0.032491636;
  0.0014419617, 0.99999851, -0.00054535113;
  0.03249241, 0.00049813691, 0.99947143][0.017280381; 0.0010740659; -0.027772069][0.99317706; -0.10834373; -0.043138295]
[0.99997586, -0.004282916, -0.0054137162;
  0.0042637689, 0.99998432, -0.0035419732;
  0.0054288413, 0.003518726, 0.99997866][0.032534651; -0.0034504398; -0.00080230366][0.5119226; 0.029601254; -0.85852122]
[0.99997586, -0.004282916, -0.0054137162;
  0.0042637689, 0.99998432, -0.0035419732;
  0.0054288413, 0.003518726, 0.99997866]
[0.032534651, -0.0034504398, -0.00080230366]
1--------------------
plane[0.5119226; 0.029601254; -0.85852122]
[0.99225086, 0.017573014, 0.12299556;
  -0.017640503, 0.9998436, -0.00054070883;
  -0.12298597, -0.0016331068, 0.99240625][-0.12151493; 0.0079982504; 0.057606954][0.41767821; 0.13785528; 0.89807594]
[0.99970263, -0.0046119038, -0.023918903;
  0.0046061636, 0.99998868, -0.00029285686;
  0.023919981, 0.00018266676, 0.99971312][-0.062328059; -0.018203065; -0.11803505][0.92250311; -0.053358417; -0.38228321]
[0.99225086, 0.017573014, 0.12299556;
  -0.017640503, 0.9998436, -0.00054070883;
  -0.12298597, -0.0016331068, 0.99240625]
[0.12151493, -0.0079982504, -0.057606954]
1--------------------
plane[-0.41767821; -0.13785528; -0.89807594]
[0.99745846, -0.0071520279, -0.070894577;
  0.0070610158, 0.99997401, -0.0015342851;
  0.070903912, 0.0010298312, 0.99748296][0.025565827; -0.0036299042; -0.031318851][0.97668117; 0.011267338; -0.21439949]
[0.9989993, -0.0032164855, -0.044618227;
  0.0032087767, 0.99999493, -0.00024457421;
  0.044619013, 0.00010120201, 0.99900442][0.040078405; 0.00066872162; -0.0063978489][0.58374459; -0.093133956; -0.80657828]
[0.9989993, -0.0032164855, -0.044618227;
  0.0032087767, 0.99999493, -0.00024457421;
  0.044619013, 0.00010120201, 0.99900442]
[0.040078405, 0.00066872162, -0.0063978489]
2--------------------
plane[0.58374459; -0.093133956; -0.80657828]
[0.99474555, 0.044395212, 0.092251085;
  -0.041223612, 0.99850059, -0.036007307;
  -0.093711339, 0.032015249, 0.99508435][-0.13846257; 0.049249396; 0.061334889][0.43138072; 0.23322418; 0.87150282]
[0.99780309, -0.013277705, -0.064904295;
  0.013094621, 0.99990863, -0.0032446799;
  0.064941503, 0.0023876987, 0.99788606][-0.071174301; -0.033542655; -0.13845022][0.87933791; -0.30322036; -0.3671816]
[0.99474555, 0.044395212, 0.092251085;
  -0.041223612, 0.99850059, -0.036007307;
  -0.093711339, 0.032015249, 0.99508435]
[0.13846257, -0.049249396, -0.061334889]
2--------------------
plane[-0.43138072; -0.23322418; -0.87150282]
[0.99731976, -0.011277534, -0.072300144;
  0.010314166, 0.99985379, -0.0136843;
  0.072444044, 0.012901898, 0.99728942][0.042713415; -0.015496417; -0.0011860486][0.46352726; 0.18855709; -0.86578786]
[0.99447346, 0.0043498632, -0.10490439;
  -0.0043795183, 0.99999106, -5.262006e-05;
  0.1049033, 0.00051179307, 0.9944827][0.024443801; 0.0089042699; -0.037271924][0.93271464; -0.3443988; -0.10692635]
[0.99731976, -0.011277534, -0.072300144;
  0.010314166, 0.99985379, -0.0136843;
  0.072444044, 0.012901898, 0.99728942]
[0.042713415, -0.015496417, -0.0011860486]
3--------------------
plane[0.46352726; 0.18855709; -0.86578786]
[0.76640981, -0.12371659, -0.63032538;
  0.079120502, 0.99198681, -0.098499112;
  0.63746059, 0.025619004, 0.7700569][1.7234616; 0.15234113; -0.18527818][0.73557335; 0.19950464; 0.64740229]
[0.99515909, -0.0049892338, -0.098150134;
  0.0050395867, 0.9999873, 0.00026519655;
  0.098147638, -0.00075856509, 0.99517155][0.7275998; 0.36059481; 1.5389693][0.87653464; 0.023183621; -0.48078012]
[0.76640981, -0.12371659, -0.63032538;
  0.079120502, 0.99198681, -0.098499112;
  0.63746059, 0.025619004, 0.7700569]
[1.7234616, 0.15234113, -0.18527818]
3--------------------
plane[0.73557335; 0.19950464; 0.64740229]
[0.99429816, -0.013494558, -0.10577271;
  0.011779389, 0.9997887, -0.016823972;
  0.1059778, 0.015481899, 0.99424773][0.038510777; -0.021287026; 0.00081644952][0.44716889; 0.31317207; -0.83783221]
[0.99098682, 0.0083333571, -0.13369517;
  -0.0083158948, 0.99996477, 0.00068837381;
  0.13369657, 0.00042948526, 0.99102199][0.023919005; 0.014115215; -0.034139801][0.87015504; -0.4858273; -0.082470924]
[0.99429816, -0.013494558, -0.10577271;
  0.011779389, 0.9997887, -0.016823972;
  0.1059778, 0.015481899, 0.99424773]
[0.038510777, -0.021287026, 0.00081644952]
4--------------------
plane[0.44716889; 0.31317207; -0.83783221]
[0.97372931, 0.079384781, 0.21342258;
  -0.069136895, 0.99608588, -0.055071101;
  -0.21695906, 0.038869038, 0.97540665][-0.25972703; 0.06844762; 0.13323584][0.31914118; 0.16926652; 0.93246865]
[0.99171275, -9.6341037e-06, -0.12847522;
  0.00024110284, 0.99999833, 0.0017859865;
  0.12847498, -0.0018020916, 0.99171114][-0.10966882; -0.040552035; -0.27608564][0.8930434; -0.2049658; -0.40057766]
[0.97372931, 0.079384781, 0.21342258;
  -0.069136895, 0.99608588, -0.055071101;
  -0.21695906, 0.038869038, 0.97540665]
[0.25972703, -0.06844762, -0.13323584]
4--------------------
plane[-0.31914118; -0.16926652; -0.93246865]
[0.99451518, -0.018994797, -0.10285731;
  0.017406508, 0.99971563, -0.016318018;
  0.10313801, 0.014437835, 0.99456286][0.037771218; -0.01988842; -3.4773722e-05][0.56565315; 0.21155299; -0.79704595]
[0.99175358, 0.00060603884, -0.12816171;
  -0.00071157754, 0.99999976, -0.00077827374;
  0.12816121, 0.00086272613, 0.99175352][0.027831733; 0.0095231924; -0.030934107][0.87490636; -0.47405529; -0.099047929]
[0.99451518, -0.018994797, -0.10285731;
  0.017406508, 0.99971563, -0.016318018;
  0.10313801, 0.014437835, 0.99456286]
[0.037771218, -0.01988842, -3.4773722e-05]
5--------------------
plane[0.56565315; 0.21155299; -0.79704595]
[0.93381423, 0.028038047, 0.35665795;
  -0.060799427, 0.99485981, 0.080978088;
  -0.3525542, -0.097303063, 0.93071902][-0.29251096; -0.029900797; 0.20435566][0.24815279; 0.11503842; 0.96186608]
[0.99219447, 0.0044010789, -0.12462307;
  -0.0038410998, 0.99998146, 0.0047332048;
  0.12464159, -0.0042175367, 0.99219298][-0.13020411; -0.054656751; -0.32905543][0.87597185; 0.12949306; -0.4646557]
[0.93381423, 0.028038047, 0.35665795;
  -0.060799427, 0.99485981, 0.080978088;
  -0.3525542, -0.097303063, 0.93071902]
[0.29251096, 0.029900797, -0.20435566]
5--------------------
plane[-0.24815279; -0.11503842; -0.96186608]
[0.98935896, 0.0066125272, -0.14534956;
  -0.0064609987, 0.99997854, 0.0015132164;
  0.14535639, -0.00055809185, 0.98937994][0.033360887; 0.013522813; -0.028109297][0.95534331; -0.11127535; -0.27374667]
[0.99219149, -0.008994543, -0.12440413;
  0.0084156971, 0.99995178, -0.0051792176;
  0.12444466, 0.0040917369, 0.99221879][0.044926438; -0.0050169011; -0.0065110661][0.64102453; 0.2941426; -0.70892042]
[0.99219149, -0.008994543, -0.12440413;
  0.0084156971, 0.99995178, -0.0051792176;
  0.12444466, 0.0040917369, 0.99221879]
[0.044926438, -0.0050169011, -0.0065110661]
6--------------------
plane[0.64102453; 0.2941426; -0.70892042]
[0.90249532, -0.062967986, -0.42607206;
  0.020081777, 0.99433136, -0.10441256;
  0.43023145, 0.085675471, 0.89864385][0.52845895; 0.15116091; -0.12754211][0.58793628; 0.3194446; 0.74315953]
[0.98973697, 0.0086486461, -0.14263992;
  -0.0075639104, 0.99993831, 0.0081455363;
  0.14270161, -0.0069830641, 0.98974121][0.19222814; 0.16374774; 0.50459933][0.83382821; 0.23585396; -0.49910262]
[0.90249532, -0.062967986, -0.42607206;
  0.020081777, 0.99433136, -0.10441256;
  0.43023145, 0.085675471, 0.89864385]
[0.52845895, 0.15116091, -0.12754211]
6--------------------
plane[0.58793628; 0.3194446; 0.74315953]
[0.98723316, 0.0019407859, -0.15927345;
  -0.0019279595, 0.99999815, 0.00023582733;
  0.15927364, 7.4227479e-05, 0.98723471][0.043214876; 0.011708251; -0.052664965][0.97500831; -0.12757777; -0.18188831]
[0.99347627, -0.013507377, -0.11324129;
  0.012651185, 0.99988574, -0.0082750078;
  0.11334012, 0.0067883558, 0.99353325][0.068531968; -0.0084089087; -0.0032966379][0.51635903; 0.16318904; -0.84068]
[0.99347627, -0.013507377, -0.11324129;
  0.012651185, 0.99988574, -0.0082750078;
  0.11334012, 0.0067883558, 0.99353325]
[0.068531968, -0.0084089087, -0.0032966379]
7--------------------
plane[0.51635903; 0.16318904; -0.84068]
[0.98148125, 0.058932301, 0.18227001;
  -0.056546692, 0.99823332, -0.018262247;
  -0.18302415, 0.0076172072, 0.98307925][-0.25806284; 0.038059905; 0.12123264][0.35300881; 0.16729984; 0.92054105]
[0.98871881, -0.0061222124, -0.14966118;
  0.006498226, 0.99997729, 0.002023288;
  0.14964536, -0.0029730422, 0.98873574][-0.10716732; -0.044026226; -0.2632854][0.90723747; -0.11109075; -0.40568367]
[0.98148125, 0.058932301, 0.18227001;
  -0.056546692, 0.99823332, -0.018262247;
  -0.18302415, 0.0076172072, 0.98307925]
[0.25806284, -0.038059905, -0.12123264]
7--------------------
plane[-0.35300881; -0.16729984; -0.92054105]
[0.98621541, 0.013034774, -0.16495819;
  -0.012067464, 0.99990422, 0.0068645515;
  0.16503163, -0.0047791773, 0.98627764][0.062127057; 0.026233478; -0.028553737][0.90039855; -0.25188065; -0.35473847]
[0.98806942, -0.023439642, -0.15222143;
  0.022155225, 0.99970376, -0.010129188;
  0.15241352, 0.0066359523, 0.9882955][0.069322318; -0.018071385; -0.015202774][0.77750283; 0.35343832; -0.52016479]
[0.98806942, -0.023439642, -0.15222143;
  0.022155225, 0.99970376, -0.010129188;
  0.15241352, 0.0066359523, 0.9882955]
[0.069322318, -0.018071385, -0.015202774]
8--------------------
plane[0.77750283; 0.35343832; -0.52016479]
[0.93009394, -0.027178418, -0.36631554;
  -0.016636625, 0.99311894, -0.11592475;
  0.36694559, 0.11391527, 0.92324138][0.33069482; 0.18565659; -0.096576586][0.57744408; 0.29927826; 0.75959927]
[0.98622441, -0.0035001447, -0.16537727;
  0.0042024497, 0.99998385, 0.0038967077;
  0.16536105, -0.004537893, 0.9862228][0.13671088; 0.09939526; 0.35296625][0.74653041; 0.44962281; -0.49044031]
[0.93009394, -0.027178418, -0.36631554;
  -0.016636625, 0.99311894, -0.11592475;
  0.36694559, 0.11391527, 0.92324138]
[0.33069482, 0.18565659, -0.096576586]
8--------------------
plane[0.57744408; 0.29927826; 0.75959927]
[0.98294061, 0.007297066, -0.18377742;
  -0.0069639548, 0.99997252, 0.002458317;
  0.18379021, -0.0011367662, 0.98296446][0.068774343; 0.021811701; -0.048510667][0.95332944; -0.15665157; -0.25811496]
[0.98890483, -0.021319628, -0.14701118;
  0.019968273, 0.99974352, -0.010661663;
  0.14720064, 0.0076076514, 0.98907697][0.085549265; -0.012990423; -0.0084568299][0.68938684; 0.24355821; -0.68222082]
[0.98890483, -0.021319628, -0.14701118;
  0.019968273, 0.99974352, -0.010661663;
  0.14720064, 0.0076076514, 0.98907697]
[0.085549265, -0.012990423, -0.0084568299]
9--------------------
plane[0.68938684; 0.24355821; -0.68222082]
[0.90898752, -0.048038483, -0.41404539;
  -0.0028169339, 0.99260575, -0.12134856;
  0.41681325, 0.11147062, 0.9021312][0.43552184; 0.19972822; -0.11562182][0.53472161; 0.34220335; 0.77263802]
[0.98366332, 0.0087476401, -0.17980427;
  -0.0068113785, 0.99991179, 0.01138331;
  0.17988798, -0.0099726664, 0.98363638][0.13436295; 0.14729959; 0.4507643][0.77195013; 0.37821493; -0.51092702]
[0.90898752, -0.048038483, -0.41404539;
  -0.0028169339, 0.99260575, -0.12134856;
  0.41681325, 0.11147062, 0.9021312]
[0.43552184, 0.19972822, -0.11562182]
9--------------------
plane[0.53472161; 0.34220335; 0.77263802]
starting--------------------------------------
[0.99984622, -0.0016466661, -0.017498823;
  0.0016389893, 0.99999899, -0.00045403812;
  0.017499764, 0.00042529125, 0.99984723][0.0067783776; 0.00014937017; -0.01422758][0.98293841; -0.10304057; 0.15236586]
[0.99999446, -0.0024577274, -0.0025151812;
  0.0024530389, 0.99999571, -0.0018704321;
  0.0025200243, 0.0018642448, 0.99999553][0.015470074; -0.0015951043; 0.0025544497][0.4210476; 0.0075616464; -0.90700704]
[0.99999446, -0.0024577274, -0.0025151812;
  0.0024530389, 0.99999571, -0.0018704321;
  0.0025200243, 0.0018642448, 0.99999553]
[0.015470074, -0.0015951043, 0.0025544497]
0--------------------
plane[0.4210476; 0.0075616464; -0.90700704]
[0.99925816, 0.0081608715, -0.037643764;
  -0.0081945667, 0.99996644, -0.00074272527;
  0.037636377, 0.0010506953, 0.9992913][0.019492108; 0.0045979647; -0.029084574][0.99389052; -0.10980883; 0.011125684]
[0.99996436, 0.0014920533, -0.0083509106;
  -0.0015258644, 0.99999088, -0.0040506362;
  0.0083447425, 0.0040632715, 0.99995726][0.035059683; -0.004049561; 0.0011898512][0.53226113; 0.1307769; -0.83641839]
[0.99996436, 0.0014920533, -0.0083509106;
  -0.0015258644, 0.99999088, -0.0040506362;
  0.0083447425, 0.0040632715, 0.99995726]
[0.035059683, -0.004049561, 0.0011898512]
1--------------------
plane[0.53226113; 0.1307769; -0.83641839]
[0.99865538, 0.00032370808, -0.051837981;
  -0.00029768777, 0.99999964, 0.00050921529;
  0.051838096, -0.00049308385, 0.9986552][0.028871648; -0.0010339477; -0.046617873][0.99832332; 0.037535835; -0.044063687]
[0.99998051, 0.0023353738, -0.0057858271;
  -0.0023222594, 0.99999452, 0.0022679782;
  0.0057910569, -0.0022544854, 0.99998051][0.05480168; 0.0019840584; -0.00084037334][0.50173855; -0.016989343; -0.86485243]
[0.99998051, 0.0023353738, -0.0057858271;
  -0.0023222594, 0.99999452, 0.0022679782;
  0.0057910569, -0.0022544854, 0.99998051]
[0.05480168, 0.0019840584, -0.00084037334]
2--------------------
plane[0.50173855; -0.016989343; -0.86485243]
[0.99754143, 0.00718719, -0.069709532;
  -0.0072867051, 0.99997282, -0.001173296;
  0.069699317, 0.0016783468, 0.99756682][0.03799165; 0.0075256051; -0.053325996][0.99600601; -0.077980436; -0.043487847]
[0.99984592, -0.0030221974, -0.017289475;
  0.0029216858, 0.99997878, -0.0058356896;
  0.017306859, 0.0057842773, 0.99983364][0.06569507; -0.0052744076; -2.5911257e-05][0.54044104; 0.11240517; -0.83383971]
[0.99984592, -0.0030221974, -0.017289475;
  0.0029216858, 0.99997878, -0.0058356896;
  0.017306859, 0.0057842773, 0.99983364]
[0.06569507, -0.0052744076, -2.5911257e-05]
3--------------------
plane[0.54044104; 0.11240517; -0.83383971]
[0.99421626, 0.0015951366, -0.10738935;
  -0.001742273, 0.99999815, -0.0012763072;
  0.1073871, 0.0014560365, 0.99421674][0.048916895; 0.0023014785; -0.059118439][0.98746669; -0.0049438784; -0.15775105]
[0.99854243, -0.00079278235, -0.053977206;
  0.00068866822, 0.99999833, -0.0019474835;
  0.053978592, 0.0019074796, 0.99854082][0.076534651; -0.00040008308; -0.0059528314][0.57296264; 0.028950971; -0.81907022]
[0.99854243, -0.00079278235, -0.053977206;
  0.00068866822, 0.99999833, -0.0019474835;
  0.053978592, 0.0019074796, 0.99854082]
[0.076534651, -0.00040008308, -0.0059528314]
4--------------------
plane[0.57296264; 0.028950971; -0.81907022]
[0.99035782, 0.0044153337, -0.13845778;
  -0.0046451949, 0.99998754, -0.0013371221;
  0.13845013, 0.0019674387, 0.99036652][0.049704477; 0.0048182914; -0.054959513][0.98722696; -0.033110011; -0.15584123]
[0.99603158, -0.0015938913, -0.088977978;
  0.0012427929, 0.99999046, -0.0040012989;
  0.088983446, 0.0038748928, 0.99602461][0.074146882; -0.0025533; -0.003165381][0.58070016; 0.06368719; -0.81162244]
[0.99603158, -0.0015938913, -0.088977978;
  0.0012427929, 0.99999046, -0.0040012989;
  0.088983446, 0.0038748928, 0.99602461]
[0.074146882, -0.0025533, -0.003165381]
5--------------------
plane[0.58070016; 0.06368719; -0.81162244]
[0.98604423, 0.01745769, -0.16556616;
  -0.017349077, 0.99984723, 0.0021021017;
  0.16557758, 0.00079960487, 0.9861964][0.054383393; 0.0192734; -0.055629514][0.96752667; -0.16298534; -0.19320464]
[0.9929539, -0.0081475452, -0.11822145;
  0.0068931351, 0.99991554, -0.01101599;
  0.11830123, 0.010123394, 0.99292612][0.078897119; -0.013402838; -0.0043895822][0.57185555; 0.23990379; -0.78449172]
[0.9929539, -0.0081475452, -0.11822145;
  0.0068931351, 0.99991554, -0.01101599;
  0.11830123, 0.010123394, 0.99292612]
[0.078897119, -0.013402838, -0.0043895822]
6--------------------
plane[0.57185555; 0.23990379; -0.78449172]
[0.98589647, 0.012690112, -0.16687502;
  -0.013140593, 0.99991268, -0.0015958046;
  0.16684017, 0.0037662513, 0.98597699][0.051589683; 0.01755579; -0.070822656][0.97683394; -0.19763766; -0.082064718]
[0.99480361, -0.011925383, -0.10111196;
  0.010253444, 0.99980253, -0.017039459;
  0.10129526, 0.015914273, 0.9947294][0.087481692; -0.017727876; 0.0042692535][0.46550369; 0.18897302; -0.86463606]
[0.99480361, -0.011925383, -0.10111196;
  0.010253444, 0.99980253, -0.017039459;
  0.10129526, 0.015914273, 0.9947294]
[0.087481692, -0.017727876, 0.0042692535]
7--------------------
plane[0.46550369; 0.18897302; -0.86463606]
[0.99995846, -0.0040810695, -0.0081166588;
  0.0040188646, 0.99996197, -0.0076663331;
  0.0081474679, 0.0076334532, 0.99993742][0.013931098; -0.0097221192; 0.0028500669][0.45592618; 0.308505; -0.83483887]
[0.99977148, 0.0046536438, -0.020849776;
  -0.0046645701, 0.99998844, -0.0004754017;
  0.020847151, 0.00057256507, 0.99978226][0.0080625871; 0.0053702262; -0.014243362][0.81124949; -0.56349874; 0.15602306]
[0.99995846, -0.0040810695, -0.0081166588;
  0.0040188646, 0.99996197, -0.0076663331;
  0.0081474679, 0.0076334532, 0.99993742]
[0.013931098, -0.0097221192, 0.0028500669]
0--------------------
plane[0.45592618; 0.308505; -0.83483887]
[0.99992007, 0.0080531258, -0.0097622108;
  -0.008106553, 0.99995238, -0.0054359464;
  0.0097179729, 0.0055145035, 0.99993759][-0.011796066; 0.0097782686; -0.0010540681][0.83438921; 0.049214602; 0.54897428]
[0.99988121, -0.00050705211, -0.015417728;
  0.00050591229, 0.99999988, -7.2454459e-05;
  0.015417755, 6.4481857e-05, 0.99988115][-0.012710315; -0.00068391999; -0.0085937725][0.77128434; -0.63358891; 0.060710877]
[0.99988121, -0.00050705211, -0.015417728;
  0.00050591229, 0.99999988, -7.2454459e-05;
  0.015417755, 6.4481857e-05, 0.99988115]
[0.012710315, 0.00068391999, 0.0085937725]
0--------------------
plane[-0.77128434; 0.63358891; -0.060710877]
[0.99992317, -0.0064794072, -0.01059124;
  0.0064158011, 0.99996167, -0.0060384665;
  0.01062994, 0.0059702322, 0.99992603][0.026329491; -0.0084533077; 0.0022884756][0.57268804; 0.14271355; -0.80725539]
[0.99946618, 0.0021872846, -0.032605637;
  -0.0021736005, 0.99999797, 0.0004517333;
  0.032606471, -0.0003803937, 0.99946851][0.01636247; 0.0040564798; -0.022039786][0.94980544; -0.30647105; 0.06281051]
[0.99992317, -0.0064794072, -0.01059124;
  0.0064158011, 0.99996167, -0.0060384665;
  0.01062994, 0.0059702322, 0.99992603]
[0.026329491, -0.0084533077, 0.0022884756]
1--------------------
plane[0.57268804; 0.14271355; -0.80725539]
[0.99999148, -0.003709675, -0.0013908715;
  0.0037167487, 0.99997956, 0.0051231151;
  0.0013719307, -0.0051282835, 0.99998534][-0.030717496; -0.0058550192; 0.0023723496][0.7571981; -0.012506373; 0.65306532]
[0.99972153, 0.0010445613, -0.02354428;
  -0.0010138338, 0.99999821, 0.0013176277;
  0.023545669, -0.0012934351, 0.99972135][-0.023489371; 0.0002941729; -0.020775869][0.97873425; 0.18564901; -0.087253362]
[0.99999148, -0.003709675, -0.0013908715;
  0.0037167487, 0.99997956, 0.0051231151;
  0.0013719307, -0.0051282835, 0.99998534]
[0.030717496, 0.0058550192, -0.0023723496]
1--------------------
plane[-0.7571981; 0.012506373; -0.65306532]
[0.9989652, 0.0038259125, -0.045319624;
  -0.0037801999, 0.99999255, 0.0010930191;
  0.045323454, -0.00092051993, 0.99897194][0.034099344; 0.0052714637; -0.039180078][0.98416382; -0.13660036; -0.11296803]
[0.99993575, -0.0058975928, -0.0096783657;
  0.0058502797, 0.99997103, -0.0049163774;
  0.0097071286, 0.0048594992, 0.99994111][0.05153117; -0.0070682252; -0.0044956561][0.63235599; 0.098832078; -0.76834762]
[0.99993575, -0.0058975928, -0.0096783657;
  0.0058502797, 0.99997103, -0.0049163774;
  0.0097071286, 0.0048594992, 0.99994111]
[0.05153117, -0.0070682252, -0.0044956561]
2--------------------
plane[0.63235599; 0.098832078; -0.76834762]
[0.99995673, -0.0089198006, -0.002812807;
  0.0089321481, 0.99995089, 0.0044178371;
  0.0027731278, -0.004442588, 0.99998677][-0.042279039; -0.0067034452; 0.009557019][0.67272162; -0.16082115; 0.72220647]
[0.99918276, 0.0022575455, -0.040368121;
  -0.0022109456, 0.99999738, 0.0011995343;
  0.040370505, -0.0011091311, 0.99918467][-0.02883872; 0.0068668001; -0.03232592][0.95951557; 0.15025266; -0.23823144]
[0.99995673, -0.0089198006, -0.002812807;
  0.0089321481, 0.99995089, 0.0044178371;
  0.0027731278, -0.004442588, 0.99998677]
[0.042279039, 0.0067034452, -0.009557019]
2--------------------
plane[-0.67272162; 0.16082115; -0.72220647]
[0.99990338, -0.011932692, -0.0071541886;
  0.011834279, 0.99983698, -0.01364536;
  0.0073157009, 0.013559431, 0.99988133][0.069284; -0.017040335; 0.0013538785][0.55486727; 0.13182557; -0.8214283]
[0.99800116, 0.006995101, -0.062809497;
  -0.0069894334, 0.99997568, 0.0003098934;
  0.062810011, 0.00012976609, 0.99802554][0.041600984; 0.0098976707; -0.057130311][0.97039676; -0.24114287; -0.013425022]
