starting--------------------------------------
[1.002259, -0.0012651569, -1.3881086;
  -6.2475534e-05, 0.9987222, 0.14574908;
  -6.6790369e-07, -1.1056358e-06, 1]
[0.99999744, -0.0018720727, -0.0016326393;
  0.0018719076, 0.99999875, -7.8443438e-05;
  0.0016329443, 7.5218188e-05, 0.99999923][0.0030554312; -0.0018687475; -0.0020890757][0.94910628; 0.31395584; 0.025082663]
[1, 0.00086268946, 0.00042941741;
  -0.00086294656, 1, 0.0005325664;
  -0.00042879308, -0.00053317659, 1.0000002][-0.0039345939; -0.0013037763; -0.00010607217][-0.736368; 0.45095515; 0.50438249]
[1, 0.00086268946, 0.00042941741;
  -0.00086294656, 1, 0.0005325664;
  -0.00042879308, -0.00053317659, 1.0000002][-0.0039345939; -0.0013037763; -0.00010607217][-0.736368; 0.45095515; 0.50438249]
0--------------------
plane[-0.736368; 0.45095515; 0.50438249]
[1, 0.00086268946, 0.00042941741;
  -0.00086294656, 1, 0.0005325664;
  -0.00042879308, -0.00053317659, 1.0000002]
[-0.0039345939, -0.0013037763, -0.00010607217]
rrrrrrrrrrrrrrrrrrrrrrrrr
[1.0035794, 0.00016002847, -1.7190931;
  0.00063887634, 1.0033622, -0.5043999;
  1.0785122e-06, 2.6636299e-06, 1]
[0.99999958, -0.00080904749, -0.00010544365;
  0.0008086735, 0.99999863, -0.001245819;
  0.00010638459, 0.0012456303, 0.99999899][0.0015645691; -0.0018200518; 0.0019426249][0.23653309; 0.076747775; -0.96858752]
[0.99999768, -0.00025818756, -0.0020764763;
  0.00025870925, 0.99999958, 0.00036236251;
  0.002076302, -0.00036299901, 0.99999762][-0.0007334929; -0.00023868965; 0.0029898616][-0.50707233; 0.58943379; -0.6288445]
[0.99999958, -0.00080904749, -0.00010544365;
  0.0008086735, 0.99999863, -0.001245819;
  0.00010638459, 0.0012456303, 0.99999899][0.0015645691; -0.0018200518; 0.0019426249][0.23653309; 0.076747775; -0.96858752]
1--------------------
plane[0.23653309; 0.076747775; -0.96858752]
[0.99999958, -0.00080904749, -0.00010544365;
  0.0008086735, 0.99999863, -0.001245819;
  0.00010638459, 0.0012456303, 0.99999899]
[0.0015645691, -0.0018200518, 0.0019426249]
rrrrrrrrrrrrrrrrrrrrrrrrr
[1.0015838, -0.00081703195, -1.2145599;
  -0.00010464277, 0.99698853, 0.57821262;
  -1.9049871e-07, -3.2498242e-06, 1]
[0.99999726, -0.001773319, -0.0015134824;
  0.0017737824, 0.99999809, 0.00028935744;
  0.0015128666, -0.00029224562, 0.99999845][0.0030376916; -0.0024486829; -0.0021550849][0.74801189; 0.65625226; 0.099051476]
[0.99999774, 0.00205256, 0.00040358742;
  -0.0020531253, 0.99999648, 0.0014642908;
  -0.00040069851, -0.0014653502, 0.99999851][-0.0033343174; -0.0029250707; -0.00044079224][-0.68130893; 0.5488379; 0.48435009]
[0.99999774, 0.00205256, 0.00040358742;
  -0.0020531253, 0.99999648, 0.0014642908;
  -0.00040069851, -0.0014653502, 0.99999851][-0.0033343174; -0.0029250707; -0.00044079224][-0.68130893; 0.5488379; 0.48435009]
2--------------------
plane[-0.68130893; 0.5488379; 0.48435009]
[0.99999774, 0.00205256, 0.00040358742;
  -0.0020531253, 0.99999648, 0.0014642908;
  -0.00040069851, -0.0014653502, 0.99999851]
[-0.0033343174, -0.0029250707, -0.00044079224]
rrrrrrrrrrrrrrrrrrrrrrrrr
[1.0035598, -0.0010563281, -1.5192657;
  0.00053072919, 1.000362, -0.056535441;
  1.5641008e-06, 6.780146e-07, 1]
[0.99999803, -0.0018752981, -0.00094883569;
  0.0018749862, 0.99999833, -0.00038941985;
  0.00094961131, 0.00038772516, 0.99999988][0.0025944661; -0.0018328627; -0.0001374752][0.93841803; 0.23263265; -0.2554481]
[0.99999899, 0.00044882519, -0.001479506;
  -0.00044860574, 1, 0.00011123368;
  0.0014796003, -0.00011045951, 0.99999934][-0.0029842027; -0.00074190821; 0.00080848334][-0.81552088; 0.57704127; 0.044147924]
[0.99999899, 0.00044882519, -0.001479506;
  -0.00044860574, 1, 0.00011123368;
  0.0014796003, -0.00011045951, 0.99999934][-0.0029842027; -0.00074190821; 0.00080848334][-0.81552088; 0.57704127; 0.044147924]
3--------------------
plane[-0.81552088; 0.57704127; 0.044147924]
[0.99999899, 0.00044882519, -0.001479506;
  -0.00044860574, 1, 0.00011123368;
  0.0014796003, -0.00011045951, 0.99999934]
[-0.0029842027, -0.00074190821, 0.00080848334]
rrrrrrrrrrrrrrrrrrrrrrrrr
[1.0034745, -0.00011378511, -1.820182;
  0.00062309433, 1.0019606, -0.40660939;
  1.3835561e-06, 6.640488e-07, 1]
[1.0000006, -0.00055661425, 7.4294141e-05;
  0.00055663387, 1.0000006, -0.00019091998;
  -7.415557e-05, 0.000190843, 1.0000008][0.0022014182; -0.00049660163; 0.0014952138][0.53549004; 0.1052392; -0.83795911]
[0.9999975, -5.9121485e-05, -0.0025662428;
  5.929908e-05, 1.0000008, 6.7327943e-05;
  0.0025662552, -6.7607267e-05, 0.99999756][0.0014523752; 0.00028548215; -0.0022666331][0.81382561; -0.183659; 0.55132335]
[1.0000006, -0.00055661425, 7.4294141e-05;
  0.00055663387, 1.0000006, -0.00019091998;
  -7.415557e-05, 0.000190843, 1.0000008][0.0022014182; -0.00049660163; 0.0014952138][0.53549004; 0.1052392; -0.83795911]
4--------------------
plane[0.53549004; 0.1052392; -0.83795911]
[1.0000006, -0.00055661425, 7.4294141e-05;
  0.00055663387, 1.0000006, -0.00019091998;
  -7.415557e-05, 0.000190843, 1.0000008]
[0.0022014182, -0.00049660163, 0.0014952138]
rrrrrrrrrrrrrrrrrrrrrrrrr
[1.0019104, -0.00027749676, -1.3251717;
  -2.6599353e-05, 0.99979073, 0.31067589;
  2.7436903e-07, -1.2507726e-06, 1]
[0.99999833, 4.3760981e-05, -0.0016970987;
  -4.2769425e-05, 0.99999964, 0.00058637501;
  0.0016969519, -0.0005863157, 0.99999779][0.0017660708; -5.0527207e-05; -0.0015841324][0.98049885; 0.044370104; 0.1914504]
[0.9999997, 0.00017049986, 0.00019516243;
  -0.00017063014, 0.99999958, 0.0006470728;
  -0.00019525747, -0.0006471154, 0.99999911][0.0023263737; 0.00010532133; 0.00045599043][0.74374253; -0.020801302; -0.66814238]
[0.9999997, 0.00017049986, 0.00019516243;
  -0.00017063014, 0.99999958, 0.0006470728;
  -0.00019525747, -0.0006471154, 0.99999911][0.0023263737; 0.00010532133; 0.00045599043][0.74374253; -0.020801302; -0.66814238]
5--------------------
plane[0.74374253; -0.020801302; -0.66814238]
[0.9999997, 0.00017049986, 0.00019516243;
  -0.00017063014, 0.99999958, 0.0006470728;
  -0.00019525747, -0.0006471154, 0.99999911]
[0.0023263737, 0.00010532133, 0.00045599043]
rrrrrrrrrrrrrrrrrrrrrrrrr
[1.0025611, -0.0002394966, -1.4142357;
  -0.00046040371, 0.99854475, 0.57715005;
  -5.8141501e-07, -1.1194495e-07, 1]
[0.99999851, -0.0017746554, -0.00034122731;
  0.0017745395, 0.99999869, -0.00026734002;
  0.00034173985, 0.00026671746, 1.0000001][0.0035788408; -0.0024020378; -0.00074165751][0.87219483; 0.43875164; -0.2162711]
[0.99999827, 0.0018919632, -0.00046674002;
  -0.0018917149, 0.99999833, 0.00057860318;
  0.00046786442, -0.00057774049, 0.99999994][-0.0038150828; -0.0019185314; 0.00094462844][-0.81825536; 0.54914492; 0.16999424]
[0.99999827, 0.0018919632, -0.00046674002;
  -0.0018917149, 0.99999833, 0.00057860318;
  0.00046786442, -0.00057774049, 0.99999994][-0.0038150828; -0.0019185314; 0.00094462844][-0.81825536; 0.54914492; 0.16999424]
6--------------------
plane[-0.81825536; 0.54914492; 0.16999424]
[0.99999827, 0.0018919632, -0.00046674002;
  -0.0018917149, 0.99999833, 0.00057860318;
  0.00046786442, -0.00057774049, 0.99999994]
[-0.0038150828, -0.0019185314, 0.00094462844]
rrrrrrrrrrrrrrrrrrrrrrrrr
[1.002594, 0.00018339008, -1.3473196;
  6.5401502e-05, 1.0013121, -0.1941983;
  1.1082457e-07, 1.2933707e-06, 1]
[0.99999964, -0.00056837156, 0.00059592997;
  0.00056874636, 0.9999997, -0.00052283029;
  -0.00059551263, 0.00052328373, 0.99999988][0.0022552838; -0.00083661749; 0.0010322708][0.63408005; 0.15041372; -0.75849736]
[0.99999833, 0.00030071932, -0.0017663158;
  -0.00030073771, 1, -4.4220993e-05;
  0.0017664413, 4.4854623e-05, 0.99999863][0.0016608755; 0.0003945083; -0.0019843569][0.86177325; -0.31961623; 0.39394453]
[0.99999964, -0.00056837156, 0.00059592997;
  0.00056874636, 0.9999997, -0.00052283029;
  -0.00059551263, 0.00052328373, 0.99999988][0.0022552838; -0.00083661749; 0.0010322708][0.63408005; 0.15041372; -0.75849736]
7--------------------
plane[0.63408005; 0.15041372; -0.75849736]
[0.99999964, -0.00056837156, 0.00059592997;
  0.00056874636, 0.9999997, -0.00052283029;
  -0.00059551263, 0.00052328373, 0.99999988]
[0.0022552838, -0.00083661749, 0.0010322708]
rrrrrrrrrrrrrrrrrrrrrrrrr
[1.0021795, -6.3679836e-05, -1.0389603;
  -0.00030704748, 0.99977523, 0.43989468;
  1.361999e-06, -9.400851e-07, 1]
[1.0000005, -0.00016752598, -0.00082938804;
  0.00016793834, 1.0000008, 0.00046313001;
  0.00082931819, -0.00046322666, 1.0000004][0.0015854415; -0.00082865614; -0.0001183596][0.96686459; 0.25497618; 0.012662074]
[1.0000001, 0.0010370289, -0.00069334608;
  -0.0010366641, 1.0000004, 0.00048317158;
  0.00069385336, -0.00048240175, 1.0000005][-0.0017336219; -0.00045639116; -2.3805165e-05][-0.88446474; 0.46178529; 0.066909596]
[1.0000001, 0.0010370289, -0.00069334608;
  -0.0010366641, 1.0000004, 0.00048317158;
  0.00069385336, -0.00048240175, 1.0000005][-0.0017336219; -0.00045639116; -2.3805165e-05][-0.88446474; 0.46178529; 0.066909596]
8--------------------
plane[-0.88446474; 0.46178529; 0.066909596]
[1.0000001, 0.0010370289, -0.00069334608;
  -0.0010366641, 1.0000004, 0.00048317158;
  0.00069385336, -0.00048240175, 1.0000005]
[-0.0017336219, -0.00045639116, -2.3805165e-05]
rrrrrrrrrrrrrrrrrrrrrrrrr
[1.001943, -0.0010742508, -1.2304164;
  -0.00088268111, 0.99926233, 0.59833497;
  -9.0986873e-07, -6.1378029e-07, 1]
[0.99999923, -0.00088288973, -0.0011179589;
  0.00088308356, 0.9999994, 0.00031913799;
  0.0011177676, -0.00032003011, 0.99999952][0.0028356046; -0.0015544409; -0.0016019465][0.99553943; 0.0014666766; -0.094336718]
[1, 0.00066940044, 0.00021205125;
  -0.00066967774, 0.99999952, 0.00046835278;
  -0.00021167781, -0.0004683786, 1.0000001][-0.0035928187; -5.5428245e-06; 0.00033881364][-0.78550816; 0.43064952; 0.4444302]
[1, 0.00066940044, 0.00021205125;
  -0.00066967774, 0.99999952, 0.00046835278;
  -0.00021167781, -0.0004683786, 1.0000001][-0.0035928187; -5.5428245e-06; 0.00033881364][-0.78550816; 0.43064952; 0.4444302]
9--------------------
plane[-0.78550816; 0.43064952; 0.4444302]
[1, 0.00066940044, 0.00021205125;
  -0.00066967774, 0.99999952, 0.00046835278;
  -0.00021167781, -0.0004683786, 1.0000001]
[-0.0035928187, -5.5428245e-06, 0.00033881364]
rrrrrrrrrrrrrrrrrrrrrrrrr
[1.0028207, -0.00034629935, -1.9965029;
  -3.424392e-05, 0.99906874, 0.20959474;
  1.2302403e-06, -1.9526651e-06, 1]
[0.99999624, -0.00086651929, -0.0024566732;
  0.0008668002, 0.99999923, 0.0001217789;
  0.0024565605, -0.00012408718, 0.99999666][0.0025809146; -0.0013424816; -0.0020330148][0.89076275; 0.44332108; 0.10003956]
[0.99999845, 0.0014715429, -0.0003839758;
  -0.0014712233, 0.99999815, 0.00089016656;
  0.00038526385, -0.00088977645, 0.99999917][-0.0031614271; -0.0015726419; -0.00035875093][-0.7264902; 0.37774327; 0.57404]
[0.99999845, 0.0014715429, -0.0003839758;
  -0.0014712233, 0.99999815, 0.00089016656;
  0.00038526385, -0.00088977645, 0.99999917][-0.0031614271; -0.0015726419; -0.00035875093][-0.7264902; 0.37774327; 0.57404]
10--------------------
plane[-0.7264902; 0.37774327; 0.57404]
[0.99999845, 0.0014715429, -0.0003839758;
  -0.0014712233, 0.99999815, 0.00089016656;
  0.00038526385, -0.00088977645, 0.99999917]
[-0.0031614271, -0.0015726419, -0.00035875093]
rrrrrrrrrrrrrrrrrrrrrrrrr
[1.0026276, -0.00032390852, -1.6360228;
  0.00045937116, 1.0003716, -0.066966198;
  4.4976383e-07, -3.7830753e-07, 1]
[0.99999982, -0.00040850733, 0.00020359334;
  0.00040843099, 0.9999997, 0.00024344061;
  -0.00020357943, -0.00024340153, 0.99999988][0.0027785157; -7.8548364e-05; 0.00060633762][0.72560036; 0.074013427; -0.68412435]
[0.99999762, -0.00014526866, -0.0021345599;
  0.00014578245, 0.99999982, 0.00025247718;
  0.0021346305, -0.00025283391, 0.99999768][0.0020661452; 0.00021065696; -0.0019443848][0.97683251; -0.027932679; 0.21217489]
[0.99999982, -0.00040850733, 0.00020359334;
  0.00040843099, 0.9999997, 0.00024344061;
  -0.00020357943, -0.00024340153, 0.99999988][0.0027785157; -7.8548364e-05; 0.00060633762][0.72560036; 0.074013427; -0.68412435]
11--------------------
plane[0.72560036; 0.074013427; -0.68412435]
[0.99999982, -0.00040850733, 0.00020359334;
  0.00040843099, 0.9999997, 0.00024344061;
  -0.00020357943, -0.00024340153, 0.99999988]
[0.0027785157, -7.8548364e-05, 0.00060633762]
rrrrrrrrrrrrrrrrrrrrrrrrr
[1.0029837, -0.00077706075, -1.7786198;
  -0.00014830308, 0.99931806, 0.19534627;
  1.0746913e-06, -3.4595118e-07, 1]
[0.99999738, -0.0015994029, -0.0018786072;
  0.0015987033, 0.99999911, -0.0003141847;
  0.0018790257, 0.00031100187, 0.99999851][0.0026671856; -0.0021472783; -0.0014086955][0.93362415; 0.34981108; -0.077320978]
[0.99999928, 0.001338346, -0.00076641719;
  -0.0013381728, 0.99999952, 0.00034595525;
  0.00076679158, -0.00034508374, 1][-0.0034570249; -0.0012956497; 0.00028173585][-0.71977913; 0.58002865; 0.38142514]
[0.99999928, 0.001338346, -0.00076641719;
  -0.0013381728, 0.99999952, 0.00034595525;
  0.00076679158, -0.00034508374, 1][-0.0034570249; -0.0012956497; 0.00028173585][-0.71977913; 0.58002865; 0.38142514]
12--------------------
plane[-0.71977913; 0.58002865; 0.38142514]
[0.99999928, 0.001338346, -0.00076641719;
  -0.0013381728, 0.99999952, 0.00034595525;
  0.00076679158, -0.00034508374, 1]
[-0.0034570249, -0.0012956497, 0.00028173585]
rrrrrrrrrrrrrrrrrrrrrrrrr
[1.0036784, 0.00026528302, -2.1741881;
  0.00040206659, 1.0029914, -0.38990211;
  -2.6457951e-07, 3.1220022e-06, 1]
[0.99999881, -0.0012154764, 0.00088421255;
  0.0012166839, 0.99999857, -0.0013364308;
  -0.00088253251, 0.0013374521, 0.99999875][0.0033396631; -0.0020700768; 0.0020466894][0.36444622; 0.14562446; -0.91976762]
[0.99999571, 2.4208723e-05, -0.002924626;
  -2.343481e-05, 1.0000001, 0.00026430533;
  0.0029247038, -0.00026432317, 0.99999577][-0.0016183769; -0.00064830721; 0.0040728441][-0.75401682; 0.46745688; -0.46145722]
[0.99999881, -0.0012154764, 0.00088421255;
  0.0012166839, 0.99999857, -0.0013364308;
  -0.00088253251, 0.0013374521, 0.99999875][0.0033396631; -0.0020700768; 0.0020466894][0.36444622; 0.14562446; -0.91976762]
13--------------------
plane[0.36444622; 0.14562446; -0.91976762]
[0.99999881, -0.0012154764, 0.00088421255;
  0.0012166839, 0.99999857, -0.0013364308;
  -0.00088253251, 0.0013374521, 0.99999875]
[0.0033396631, -0.0020700768, 0.0020466894]
rrrrrrrrrrrrrrrrrrrrrrrrr
[1.0010792, -0.00038093218, -1.207335;
  0.00034377346, 0.99720246, -0.044848423;
  1.0817738e-06, -5.2931105e-06, 1]
[0.99999797, -0.00067397923, -0.0018073337;
  0.00067337649, 0.99999934, -0.00032243508;
  0.0018078156, 0.00032108571, 0.99999815][0.002206991; -0.0016374314; -0.0034484239][0.35949397; 0.89900118; 0.25012127]
[0.99999803, 0.0018976992, -1.3117459e-05;
  -0.0018976568, 0.99999499, 0.0023717375;
  1.7875871e-05, -0.0023718725, 0.99999696][-0.0015866074; -0.0039642979; -0.0011002901][-0.50002277; 0.37023407; 0.78288174]
[0.99999797, -0.00067397923, -0.0018073337;
  0.00067337649, 0.99999934, -0.00032243508;
  0.0018078156, 0.00032108571, 0.99999815][0.002206991; -0.0016374314; -0.0034484239][0.35949397; 0.89900118; 0.25012127]
14--------------------
plane[0.35949397; 0.89900118; 0.25012127]
[0.99999797, -0.00067397923, -0.0018073337;
  0.00067337649, 0.99999934, -0.00032243508;
  0.0018078156, 0.00032108571, 0.99999815]
[0.002206991, -0.0016374314, -0.0034484239]
rrrrrrrrrrrrrrrrrrrrrrrrr
[1.0032201, -0.0011741014, -1.1302499;
  2.8331344e-05, 1.001091, 0.22907482;
  -5.1230677e-07, 3.4282425e-06, 1]
[0.99999511, -0.0029318079, 0.00077996921;
  0.0029333832, 0.99999446, -0.0016495733;
  -0.00077502872, 0.0016521132, 0.99999815][0.0030697326; -0.0037021334; 0.0006741567][0.75233757; 0.21687806; -0.62205452]
[0.99999821, 0.00051800371, -0.0016347655;
  -0.0005168913, 0.99999988, 0.00050377724;
  0.0016351343, -0.00050271954, 0.99999839][-0.003653588; -0.001059367; 0.003018704][-0.63125336; 0.76302117; -0.13898814]
[0.99999821, 0.00051800371, -0.0016347655;
  -0.0005168913, 0.99999988, 0.00050377724;
  0.0016351343, -0.00050271954, 0.99999839][-0.003653588; -0.001059367; 0.003018704][-0.63125336; 0.76302117; -0.13898814]
15--------------------
plane[-0.63125336; 0.76302117; -0.13898814]
[0.99999821, 0.00051800371, -0.0016347655;
  -0.0005168913, 0.99999988, 0.00050377724;
  0.0016351343, -0.00050271954, 0.99999839]
[-0.003653588, -0.001059367, 0.003018704]
rrrrrrrrrrrrrrrrrrrrrrrrr
starting--------------------------------------
-3.37635e-06 -2.50851e-08 -0.000609914
   -1.5343   0.276823 0.00207655
Newone
[1.0022511, -0.0013264226, -1.3814791;
  -0.00011788689, 0.99854159, 0.18010813;
  -8.5263599e-07, -1.2950915e-06, 1]
[0.99999732, -0.0019643647, -0.0016397792;
  0.0019643409, 0.99999857, -4.928168e-05;
  0.0016398629, 4.634797e-05, 0.99999952][0.0032001107; -0.0019890564; -0.0022111542][0.94370729; 0.32839254; 0.039687619]
[0.99999994, 0.00096562249, 0.00057671958;
  -0.00096591667, 0.99999988, 0.00060004124;
  -0.00057613116, -0.00060034852, 1.0000005][-0.0041220416; -0.0014367818; -0.00017518178][-0.73199838; 0.45551428; 0.50664133]
[0.99999994, 0.00096562249, 0.00057671958;
  -0.00096591667, 0.99999988, 0.00060004124;
  -0.00057613116, -0.00060034852, 1.0000005][-0.0041220416; -0.0014367818; -0.00017518178][-0.73199838; 0.45551428; 0.50664133]
0--------------------
plane[-0.73199838; 0.45551428; 0.50664133]
[0.99999994, 0.00096562249, 0.00057671958;
  -0.00096591667, 0.99999988, 0.00060004124;
  -0.00057613116, -0.00060034852, 1.0000005]
[-0.0041220416, -0.0014367818, -0.00017518178]
rrrrrrrrrrrrrrrrrrrrrrrrr
-6.18351e-06 -1.20519e-05   0.00254719
   -1.6394   0.199781 0.00220238
Newone
[1.0034256, 0.00016073021, -1.7159392;
  0.00049785926, 1.0031524, -0.46503979;
  7.1697474e-07, 2.364163e-06, 1]
[0.99999964, -0.0007469132, 0.00014626292;
  0.00074676139, 0.99999905, -0.0010673566;
  -0.00014561186, 0.0010675214, 0.99999928][0.0018104464; -0.0016249064; 0.0020061564][0.26036206; 0.085147724; -0.96174914]
[0.99999774, -0.00016978769, -0.0021126093;
  0.00017013612, 0.99999982, 0.00031995511;
  0.002112384, -0.00032021196, 0.9999975][-0.00082383276; -0.00026999851; 0.0030316827][-0.57455003; 0.51534462; -0.6358555]
[0.99999964, -0.0007469132, 0.00014626292;
  0.00074676139, 0.99999905, -0.0010673566;
  -0.00014561186, 0.0010675214, 0.99999928][0.0018104464; -0.0016249064; 0.0020061564][0.26036206; 0.085147724; -0.96174914]
1--------------------
plane[0.26036206; 0.085147724; -0.96174914]
[0.99999964, -0.0007469132, 0.00014626292;
  0.00074676139, 0.99999905, -0.0010673566;
  -0.00014561186, 0.0010675214, 0.99999928]
[0.0018104464, -0.0016249064, 0.0020061564]
rrrrrrrrrrrrrrrrrrrrrrrrr
-6.09491e-07 -5.86152e-06   0.00136365
  -1.5155   0.29048 0.0013634
Newone
[1.0015249, -0.00084998371, -1.2103781;
  -0.0002261029, 0.9968164, 0.61525983;
  -5.4634876e-07, -3.4026052e-06, 1]
[0.99999744, -0.0018272502, -0.0014914309;
  0.0018277429, 0.99999851, 0.00029002572;
  0.0014908679, -0.00029254114, 0.99999917][0.0032222967; -0.0025236716; -0.0023333488][0.76142532; 0.64025033; 0.10154353]
[0.99999774, 0.0021585349, 0.00061699969;
  -0.0021594195, 0.99999672, 0.0015309177;
  -0.00061369542, -0.0015320323, 0.99999893][-0.0035876168; -0.0030162714; -0.00047722686][-0.68381792; 0.5350951; 0.49605083]
[0.99999774, 0.0021585349, 0.00061699969;
  -0.0021594195, 0.99999672, 0.0015309177;
  -0.00061369542, -0.0015320323, 0.99999893][-0.0035876168; -0.0030162714; -0.00047722686][-0.68381792; 0.5350951; 0.49605083]
2--------------------
plane[-0.68381792; 0.5350951; 0.49605083]
[0.99999774, 0.0021585349, 0.00061699969;
  -0.0021594195, 0.99999672, 0.0015309177;
  -0.00061369542, -0.0015320323, 0.99999893]
[-0.0035876168, -0.0030162714, -0.00047722686]
rrrrrrrrrrrrrrrrrrrrrrrrr
-1.00939e-06 -1.85737e-06   0.00039759
   -1.46486   0.0834525 0.000571942
Newone
[1.003353, -0.001139979, -1.4992234;
  0.00041006572, 0.99997216, 0.0033699579;
  1.2429524e-06, 3.414867e-08, 1]
[0.99999779, -0.0017385866, -0.0012413672;
  0.0017385106, 0.99999869, -0.00015201689;
  0.0012415763, 0.00014983681, 0.99999928][0.00271485; -0.0016801488; -0.00060890015][0.96816158; 0.21674103; -0.12524638]
[0.99999958, 0.0004773851, -0.00098900823;
  -0.00047708684, 1.0000001, 0.00019131419;
  0.00098903442, -0.00019085391, 0.99999958][-0.0031467658; -0.00070643681; 0.00040358567][-0.83474076; 0.51745337; 0.18828163]
[0.99999958, 0.0004773851, -0.00098900823;
  -0.00047708684, 1.0000001, 0.00019131419;
  0.00098903442, -0.00019085391, 0.99999958][-0.0031467658; -0.00070643681; 0.00040358567][-0.83474076; 0.51745337; 0.18828163]
3--------------------
plane[-0.83474076; 0.51745337; 0.18828163]
[0.99999958, 0.0004773851, -0.00098900823;
  -0.00047708684, 1.0000001, 0.00019131419;
  0.00098903442, -0.00019085391, 0.99999958]
[-0.0031467658, -0.00070643681, 0.00040358567]
rrrrrrrrrrrrrrrrrrrrrrrrr
-6.54698e-06  -6.0072e-07 -0.000343095
 -1.75372  0.280542 0.0023977
Newone
[1.0033916, -0.00012219645, -1.8183675;
  0.00052680972, 1.0017959, -0.37418446;
  1.1764822e-06, 4.445063e-07, 1]
[1, -0.00045552533, 0.00020355337;
  0.0004555356, 0.99999976, -0.00011124591;
  -0.00020346313, 0.00011125688, 1.0000001][0.0023511192; -0.00038351651; 0.0014910637][0.55094409; 0.08170896; -0.83053255]
[0.99999684, -5.2131232e-05, -0.0025657525;
  5.2332613e-05, 0.99999988, 8.510302e-05;
  0.0025657951, -8.5332191e-05, 0.9999969][0.0015510479; 0.00023005533; -0.0023322613][0.83718193; -0.13667089; 0.5295732]
[1, -0.00045552533, 0.00020355337;
  0.0004555356, 0.99999976, -0.00011124591;
  -0.00020346313, 0.00011125688, 1.0000001][0.0023511192; -0.00038351651; 0.0014910637][0.55094409; 0.08170896; -0.83053255]
4--------------------
plane[0.55094409; 0.08170896; -0.83053255]
[1, -0.00045552533, 0.00020355337;
  0.0004555356, 0.99999976, -0.00011124591;
  -0.00020346313, 0.00011125688, 1.0000001]
[0.0023511192, -0.00038351651, 0.0014910637]
rrrrrrrrrrrrrrrrrrrrrrrrr
 -3.7826e-06 -5.93341e-06   0.00150076
   -1.16241    0.280345 0.000759608
Newone
[1.0017383, -0.00031196492, -1.3145493;
  -0.00020023808, 0.99953824, 0.35864058;
  -2.4760965e-07, -1.55507e-06, 1]
[0.99999845, -4.2399992e-05, -0.0017066924;
  4.3361946e-05, 0.99999994, 0.00059497578;
  0.0017068178, -0.00059513829, 0.99999869][0.0019396337; -0.00018960904; -0.0018890521][0.97221887; 0.11716333; 0.20264047]
[0.9999997, 0.00036763991, 0.00052414008;
  -0.00036809439, 0.99999976, 0.00077801209;
  -0.00052371243, -0.00077829376, 0.99999988][0.0026384809; 0.00031794907; 0.00055134][0.71423519; -0.069265127; -0.69646996]
[0.9999997, 0.00036763991, 0.00052414008;
  -0.00036809439, 0.99999976, 0.00077801209;
  -0.00052371243, -0.00077829376, 0.99999988][0.0026384809; 0.00031794907; 0.00055134][0.71423519; -0.069265127; -0.69646996]
5--------------------
plane[0.71423519; -0.069265127; -0.69646996]
[0.9999997, 0.00036763991, 0.00052414008;
  -0.00036809439, 0.99999976, 0.00077801209;
  -0.00052371243, -0.00077829376, 0.99999988]
[0.0026384809, 0.00031794907, 0.00055134]
rrrrrrrrrrrrrrrrrrrrrrrrr
 3.15233e-06  2.02257e-06 -0.000159488
     -1.7903     0.267848 -0.000811821
Newone
[1.0025597, -0.00027153551, -1.4144011;
  -0.00042759892, 0.99834281, 0.6062457;
  -4.3450009e-07, -4.3893712e-07, 1]
[0.99999893, -0.0018130125, -0.00050528813;
  0.0018129367, 0.99999911, -0.00016981631;
  0.00050558994, 0.00016887933, 1.0000008][0.0035678972; -0.0024676367; -0.00084745319][0.86550844; 0.47115305; -0.17002992]
[0.99999863, 0.0020050742, -0.00037643319;
  -0.0020048278, 0.99999851, 0.00065026921;
  0.0003777153, -0.00064953353, 1.0000007][-0.003826166; -0.0020819961; 0.00075036142][-0.80716693; 0.55815256; 0.19221742]
[0.99999863, 0.0020050742, -0.00037643319;
  -0.0020048278, 0.99999851, 0.00065026921;
  0.0003777153, -0.00064953353, 1.0000007][-0.003826166; -0.0020819961; 0.00075036142][-0.80716693; 0.55815256; 0.19221742]
6--------------------
plane[-0.80716693; 0.55815256; 0.19221742]
[0.99999863, 0.0020050742, -0.00037643319;
  -0.0020048278, 0.99999851, 0.00065026921;
  0.0003777153, -0.00064953353, 1.0000007]
[-0.003826166, -0.0020819961, 0.00075036142]
rrrrrrrrrrrrrrrrrrrrrrrrr
  3.6755e-06  2.38214e-06 -0.000805655
  -1.58545  -0.314287 -0.0026264
Newone
[1.0024353, 0.00018455871, -1.3429505;
  -0.00011775084, 1.0011308, -0.15412852;
  -4.4206669e-07, 1.1233449e-06, 1]
[0.99999899, -0.00045528414, 0.00090543251;
  0.00045576529, 0.99999946, -0.00047285337;
  -0.00090523536, 0.00047336353, 0.99999899][0.0025795661; -0.00073863065; 0.0010637913][0.63359469; 0.1090793; -0.76593673]
[0.99999797, 0.00029357223, -0.0017416396;
  -0.00029356801, 0.99999964, -2.3738698e-05;
  0.0017415967, 2.4349436e-05, 0.99999797][0.0018297159; 0.00031554571; -0.0022099679][0.89382535; -0.25587979; 0.36824095]
[0.99999899, -0.00045528414, 0.00090543251;
  0.00045576529, 0.99999946, -0.00047285337;
  -0.00090523536, 0.00047336353, 0.99999899][0.0025795661; -0.00073863065; 0.0010637913][0.63359469; 0.1090793; -0.76593673]
7--------------------
plane[0.63359469; 0.1090793; -0.76593673]
[0.99999899, -0.00045528414, 0.00090543251;
  0.00045576529, 0.99999946, -0.00047285337;
  -0.00090523536, 0.00047336353, 0.99999899]
[0.0025795661, -0.00073863065, 0.0010637913]
rrrrrrrrrrrrrrrrrrrrrrrrr
 2.99688e-06  1.70901e-06 -0.000671276
   -1.31316    0.103789 -0.00222916
Newone
[1.0020492, -9.7705466e-05, -1.029373;
  -0.00038520654, 0.999538, 0.47796476;
  1.2752689e-06, -1.3631036e-06, 1]
[0.99999982, -0.00016391418, -0.0010714412;
  0.00016453287, 1.0000002, 0.00057983462;
  0.0010713247, -0.0005800121, 0.99999976][0.0015936433; -0.00091503432; -0.00043011107][0.9345668; 0.31483179; 0.16572854]
[0.99999958, 0.001191824, -0.000403852;
  -0.0011915815, 0.99999958, 0.00056396797;
  0.00040451309, -0.00056347868, 1.0000002][-0.0017639019; -0.00059346156; -0.00031374476][-0.84447473; 0.48426795; 0.22879508]
[0.99999958, 0.001191824, -0.000403852;
  -0.0011915815, 0.99999958, 0.00056396797;
  0.00040451309, -0.00056347868, 1.0000002][-0.0017639019; -0.00059346156; -0.00031374476][-0.84447473; 0.48426795; 0.22879508]
8--------------------
plane[-0.84447473; 0.48426795; 0.22879508]
[0.99999958, 0.001191824, -0.000403852;
  -0.0011915815, 0.99999958, 0.00056396797;
  0.00040451309, -0.00056347868, 1.0000002]
[-0.0017639019, -0.00059346156, -0.00031374476]
rrrrrrrrrrrrrrrrrrrrrrrrr
-3.25013e-06 -6.07259e-06   0.00153525
  -1.13664   0.668852 0.00182097
Newone
[1.0017569, -0.0010968091, -1.219337;
  -0.0010191759, 0.99903011, 0.64009482;
  -1.3613341e-06, -9.0559064e-07, 1]
[0.99999869, -0.00089777925, -0.001282296;
  0.00089835981, 0.9999997, 0.00041266321;
  0.001281857, -0.00041379928, 0.99999923][0.0028985643; -0.0015920864; -0.0019973486][0.99917984; 0.030958161; -0.026096493]
[0.9999994, 0.00078316033, 0.00064079923;
  -0.00078345725, 0.99999976, 0.00051624794;
  -0.00064048136, -0.00051674031, 0.99999982][-0.0038602513; -0.0001197785; 9.9638302e-05][-0.75007415; 0.41189796; 0.5174253]
[0.9999994, 0.00078316033, 0.00064079923;
  -0.00078345725, 0.99999976, 0.00051624794;
  -0.00064048136, -0.00051674031, 0.99999982][-0.0038602513; -0.0001197785; 9.9638302e-05][-0.75007415; 0.41189796; 0.5174253]
9--------------------
plane[-0.75007415; 0.41189796; 0.5174253]
[0.9999994, 0.00078316033, 0.00064079923;
  -0.00078345725, 0.99999976, 0.00051624794;
  -0.00064048136, -0.00051674031, 0.99999982]
[-0.0038602513, -0.0001197785, 9.9638302e-05]
rrrrrrrrrrrrrrrrrrrrrrrrr
 1.95981e-07 -8.00607e-07  4.04211e-05
    -2.33394   -0.0526482 -0.000620373
Newone
[1.0027891, -0.00034178983, -1.9974512;
  -4.5196546e-05, 0.99899775, 0.22113508;
  1.2887861e-06, -2.0913196e-06, 1]
[0.99999666, -0.00086116855, -0.0024922695;
  0.00086151285, 1, 0.00013106049;
  0.0024922697, -0.0001335745, 0.99999714][0.0025479477; -0.0013848525; -0.0020691059][0.87768853; 0.46611166; 0.11136852]
[0.99999893, 0.0015398526, -0.00038891745;
  -0.0015394605, 0.99999875, 0.00094272272;
  0.00039048571, -0.00094245275, 0.99999976][-0.0031267102; -0.0016596531; -0.0004003584][-0.71451724; 0.38818097; 0.58204854]
[0.99999893, 0.0015398526, -0.00038891745;
  -0.0015394605, 0.99999875, 0.00094272272;
  0.00039048571, -0.00094245275, 0.99999976][-0.0031267102; -0.0016596531; -0.0004003584][-0.71451724; 0.38818097; 0.58204854]
10--------------------
plane[-0.71451724; 0.38818097; 0.58204854]
[0.99999893, 0.0015398526, -0.00038891745;
  -0.0015394605, 0.99999875, 0.00094272272;
  0.00039048571, -0.00094245275, 0.99999976]
[-0.0031267102, -0.0016596531, -0.0004003584]
rrrrrrrrrrrrrrrrrrrrrrrrr
 2.5746e-06 6.47127e-06 -0.00128711
   -1.77599  -0.0667487 -0.00103126
Newone
[1.0026057, -0.00035935568, -1.6283011;
  0.00041750851, 1.0003158, -0.055348784;
  3.4485225e-07, -4.3985489e-07, 1]
[1.0000001, -0.00036473974, 0.00026415536;
  0.00036467012, 1.0000001, 0.00026231096;
  -0.00026418551, -0.00026222345, 1.0000001][0.0028469693; -4.1099516e-05; 0.00061193842][0.72781998; 0.051307365; -0.68384629]
[0.99999791, -0.0001881153, -0.0021255536;
  0.00018866586, 1.0000002, 0.00025914126;
  0.002125557, -0.00025955366, 0.99999791][0.002121429; 0.0001494888; -0.0019896189][0.97776431; -0.014437534; 0.2092097]
[1.0000001, -0.00036473974, 0.00026415536;
  0.00036467012, 1.0000001, 0.00026231096;
  -0.00026418551, -0.00026222345, 1.0000001][0.0028469693; -4.1099516e-05; 0.00061193842][0.72781998; 0.051307365; -0.68384629]
11--------------------
plane[0.72781998; 0.051307365; -0.68384629]
[1.0000001, -0.00036473974, 0.00026415536;
  0.00036467012, 1.0000001, 0.00026231096;
  -0.00026418551, -0.00026222345, 1.0000001]
[0.0028469693, -4.1099516e-05, 0.00061193842]
rrrrrrrrrrrrrrrrrrrrrrrrr
 1.17819e-06  2.59461e-06 -0.000967916
  -1.89394   0.154811 0.00021441
Newone
[1.0028727, -0.00084075949, -1.7643045;
  -0.00019475886, 0.99906695, 0.23293133;
  1.0067629e-06, -7.7396032e-07, 1]
[0.99999678, -0.0016094976, -0.0020172489;
  0.0016091187, 0.99999899, -0.00021375476;
  0.0020175304, 0.00021047714, 0.99999827][0.0026560938; -0.0022142155; -0.0016123862][0.92363006; 0.38258699; -0.023121879]
[0.99999893, 0.0014514974, -0.0005861285;
  -0.0014511994, 0.99999911, 0.00045577821;
  0.00058673904, -0.0004549759, 1][-0.0035240268; -0.0014599948; 8.3808962e-05][-0.69555169; 0.58033812; 0.42357475]
[0.99999893, 0.0014514974, -0.0005861285;
  -0.0014511994, 0.99999911, 0.00045577821;
  0.00058673904, -0.0004549759, 1][-0.0035240268; -0.0014599948; 8.3808962e-05][-0.69555169; 0.58033812; 0.42357475]
12--------------------
plane[-0.69555169; 0.58033812; 0.42357475]
[0.99999893, 0.0014514974, -0.0005861285;
  -0.0014511994, 0.99999911, 0.00045577821;
  0.00058673904, -0.0004549759, 1]
[-0.0035240268, -0.0014599948, 8.3808962e-05]
rrrrrrrrrrrrrrrrrrrrrrrrr
 3.76851e-06  3.55883e-06 -0.000903167
   -2.07927   -0.264196 -0.00275516
Newone
[1.003728, 0.0002726806, -2.1791306;
  0.00050936849, 1.0029802, -0.39633465;
  1.8829445e-07, 2.9721728e-06, 1]
[0.99999946, -0.0011583841, 0.00059700676;
  0.0011592283, 0.99999863, -0.0012465194;
  -0.00059548212, 0.0012471636, 0.9999994][0.0030666096; -0.0019665891; 0.0019614967][0.35483116; 0.15798865; -0.92148507]
[0.99999613, 2.3055331e-05, -0.0029167868;
  -2.2212102e-05, 1.0000001, 0.00025100252;
  0.0029168355, -0.00025098681, 0.99999607][-0.0014721703; -0.00065641344; 0.0038106265][-0.74145144; 0.47549188; -0.47345269]
[0.99999946, -0.0011583841, 0.00059700676;
  0.0011592283, 0.99999863, -0.0012465194;
  -0.00059548212, 0.0012471636, 0.9999994][0.0030666096; -0.0019665891; 0.0019614967][0.35483116; 0.15798865; -0.92148507]
13--------------------
plane[0.35483116; 0.15798865; -0.92148507]
[0.99999946, -0.0011583841, 0.00059700676;
  0.0011592283, 0.99999863, -0.0012465194;
  -0.00059548212, 0.0012471636, 0.9999994]
[0.0030666096, -0.0019665891, 0.0019614967]
rrrrrrrrrrrrrrrrrrrrrrrrr
-1.07593e-06 -9.68272e-06  0.000828872
   -1.77555   -0.660489 0.000138118
Newone
[1.001105, -0.00046066902, -1.193311;
  0.0004514145, 0.99710715, -0.042174224;
  1.4686785e-06, -5.5782639e-06, 1]
[0.99999851, -0.00060673599, -0.0018100145;
  0.00060641731, 1.0000002, -0.00029997967;
  0.0018100282, 0.00029912201, 0.99999851][0.0020933808; -0.0017076409; -0.0035035498][0.29665539; 0.92122805; 0.25166452]
[0.99999857, 0.0018272557, -0.00024158911;
  -0.0018264481, 0.99999565, 0.0025018135;
  0.00024601651, -0.0025011816, 0.99999702][-0.0013137941; -0.0040760771; -0.0011102631][-0.47259232; 0.38482058; 0.79282403]
[0.99999851, -0.00060673599, -0.0018100145;
  0.00060641731, 1.0000002, -0.00029997967;
  0.0018100282, 0.00029912201, 0.99999851][0.0020933808; -0.0017076409; -0.0035035498][0.29665539; 0.92122805; 0.25166452]
14--------------------
plane[0.29665539; 0.92122805; 0.25166452]
[0.99999851, -0.00060673599, -0.0018100145;
  0.00060641731, 1.0000002, -0.00029997967;
  0.0018100282, 0.00029912201, 0.99999851]
[0.0020933808, -0.0017076409, -0.0035035498]
rrrrrrrrrrrrrrrrrrrrrrrrr
starting--------------------------------------
 5.72804e-06  3.60501e-06 -0.000817978
   -1.60028   -0.233761 -0.00189744
Newone
[1.0021083, -0.0013533559, -1.3582755;
  -0.00016255448, 0.99857259, 0.17489937;
  -9.6336453e-07, -1.2679762e-06, 1]
[0.99999619, -0.0019154235, -0.0016793642;
  0.0019153332, 0.9999975, -5.7145135e-05;
  0.0016794505, 5.3665477e-05, 0.99999821][0.0030912221; -0.0019454805; -0.0023018224][0.94898242; 0.31255457; 0.041734874]
[0.99999893, 0.00089899317, 0.00063682225;
  -0.00089935714, 0.99999875, 0.0005832215;
  -0.00063634774, -0.00058405806, 0.99999923][-0.0040962459; -0.0013515165; -0.00018196087][-0.71550375; 0.45084873; 0.53365678]
[0.99999893, 0.00089899317, 0.00063682225;
  -0.00089935714, 0.99999875, 0.0005832215;
  -0.00063634774, -0.00058405806, 0.99999923][-0.0040962459; -0.0013515165; -0.00018196087][-0.71550375; 0.45084873; 0.53365678]
0--------------------
plane[-0.71550375; 0.45084873; 0.53365678]
[0.99999893, 0.00089899317, 0.00063682225;
  -0.00089935714, 0.99999875, 0.0005832215;
  -0.00063634774, -0.00058405806, 0.99999923]
[-0.0040962459, -0.0013515165, -0.00018196087]
rrrrrrrrrrrrrrrrrrrrrrrrr
-4.35311e-06 -8.88343e-06   0.00220592
   -1.74371   -0.519122 -0.00144701
Newone
[1.0036808, 0.00014859211, -1.7168903;
  0.00071425806, 1.0034869, -0.52345675;
  1.401733e-06, 2.8292961e-06, 1]
[0.99999958, -0.00082720746, -0.00030943885;
  0.00082709646, 0.99999881, -0.0013818253;
  0.00031061159, 0.0013816421, 0.99999887][0.0013760368; -0.0019563904; 0.001842474][0.2303344; 0.054155707; -0.97160333]
[0.99999779, -0.0003014165, -0.0020675741;
  0.00030260914, 0.99999994, 0.00041289031;
  0.0020674705, -0.00041347925, 0.99999768][-0.00069882261; -0.00016532157; 0.0029325699][-0.45611942; 0.64794213; -0.61002129]
[0.99999958, -0.00082720746, -0.00030943885;
  0.00082709646, 0.99999881, -0.0013818253;
  0.00031061159, 0.0013816421, 0.99999887][0.0013760368; -0.0019563904; 0.001842474][0.2303344; 0.054155707; -0.97160333]
1--------------------
plane[0.2303344; 0.054155707; -0.97160333]
[0.99999958, -0.00082720746, -0.00030943885;
  0.00082709646, 0.99999881, -0.0013818253;
  0.00031061159, 0.0013816421, 0.99999887]
[0.0013760368, -0.0019563904, 0.001842474]
rrrrrrrrrrrrrrrrrrrrrrrrr
  2.4879e-06  3.56688e-06 -0.000783644
  -1.45495   0.263177 0.00029947
Newone
[1.0014915, -0.00086694886, -1.1992232;
  -0.00019041814, 0.99688601, 0.60069877;
  -4.5326701e-07, -3.3340104e-06, 1]
[0.99999708, -0.0018008836, -0.0014998516;
  0.0018013892, 0.99999797, 0.00027824435;
  0.0014993063, -0.00028089917, 0.99999857][0.0031066777; -0.0024773278; -0.0022853776][0.75963235; 0.6431061; 0.096815675]
[0.9999975, 0.0020799129, 0.00054134481;
  -0.0020806456, 0.9999963, 0.0015113661;
  -0.00053825794, -0.0015124413, 0.99999845][-0.0034822284; -0.0029478041; -0.00044281763][-0.67758226; 0.53990698; 0.49938223]
[0.9999975, 0.0020799129, 0.00054134481;
  -0.0020806456, 0.9999963, 0.0015113661;
  -0.00053825794, -0.0015124413, 0.99999845][-0.0034822284; -0.0029478041; -0.00044281763][-0.67758226; 0.53990698; 0.49938223]
2--------------------
plane[-0.67758226; 0.53990698; 0.49938223]
[0.9999975, 0.0020799129, 0.00054134481;
  -0.0020806456, 0.9999963, 0.0015113661;
  -0.00053825794, -0.0015124413, 0.99999845]
[-0.0034822284, -0.0029478041, -0.00044281763]
rrrrrrrrrrrrrrrrrrrrrrrrr
2.56245e-06 1.63513e-07 0.000205274
   -1.8268  -0.224462 -0.0016171
Newone
[1.0035788, -0.0011531124, -1.4982928;
  0.00061489956, 1.0002868, -0.051601842;
  1.8720818e-06, 4.7511452e-07, 1]
[0.99999702, -0.0019526789, -0.001144686;
  0.0019524011, 0.9999975, -0.00029744307;
  0.0011453419, 0.0002951636, 0.99999899][0.0024445215; -0.0018950661; -0.00017312527][0.94305807; 0.26555765; -0.20030068]
[0.99999839, 0.00048382286, -0.0014679749;
  -0.00048358247, 0.99999928, 0.00012876133;
  0.0014681113, -0.00012808639, 0.99999863][-0.0029216954; -0.00082486653; 0.00061662355][-0.78856868; 0.6123116; 0.056864098]
[0.99999839, 0.00048382286, -0.0014679749;
  -0.00048358247, 0.99999928, 0.00012876133;
  0.0014681113, -0.00012808639, 0.99999863][-0.0029216954; -0.00082486653; 0.00061662355][-0.78856868; 0.6123116; 0.056864098]
3--------------------
plane[-0.78856868; 0.6123116; 0.056864098]
[0.99999839, 0.00048382286, -0.0014679749;
  -0.00048358247, 0.99999928, 0.00012876133;
  0.0014681113, -0.00012808639, 0.99999863]
[-0.0029216954, -0.00082486653, 0.00061662355]
rrrrrrrrrrrrrrrrrrrrrrrrr
-2.78527e-06 -6.2202e-06  0.00164721
   -2.07243   -0.571211 -0.00140732
Newone
[1.003436, -0.00016111412, -1.804325;
  0.00060032983, 1.0019664, -0.40633482;
  1.3244211e-06, 6.7474497e-07, 1]
[0.99999946, -0.00056202902, 9.2289076e-05;
  0.00056206546, 0.99999952, -0.00022759744;
  -9.2081005e-05, 0.00022754051, 0.99999994][0.0022079796; -0.00053149904; 0.0014951713][0.52678782; 0.084413484; -0.84579492]
[0.99999636, -9.565345e-05, -0.0025580502;
  9.5903146e-05, 0.9999997, 9.5006355e-05;
  0.0025581229, -9.5377341e-05, 0.99999672][0.0014351186; 0.00023014765; -0.0022979707][0.81265551; -0.19570355; 0.54890001]
[0.99999946, -0.00056202902, 9.2289076e-05;
  0.00056206546, 0.99999952, -0.00022759744;
  -9.2081005e-05, 0.00022754051, 0.99999994][0.0022079796; -0.00053149904; 0.0014951713][0.52678782; 0.084413484; -0.84579492]
4--------------------
plane[0.52678782; 0.084413484; -0.84579492]
[0.99999946, -0.00056202902, 9.2289076e-05;
  0.00056206546, 0.99999952, -0.00022759744;
  -9.2081005e-05, 0.00022754051, 0.99999994]
[0.0022079796, -0.00053149904, 0.0014951713]
rrrrrrrrrrrrrrrrrrrrrrrrr
-1.61439e-05 -8.25894e-06  0.000456613
 -0.535385    1.08182 0.00646589
Newone
[1.0018687, -0.00034655249, -1.3048261;
  -3.8089383e-05, 0.99973428, 0.32218051;
  2.8285896e-07, -1.3167358e-06, 1]
[0.99999863, -3.1271291e-05, -0.0016851394;
  3.2282493e-05, 1.0000001, 0.00059717247;
  0.0016851749, -0.00059724832, 0.99999833][0.0017530553; -0.00014067836; -0.0015652888][0.9817878; 0.060125753; 0.1802153]
[1, 0.00021108935, 0.0001686459;
  -0.00021119835, 1, 0.00066605594;
  -0.00016846474, -0.0006661127, 0.99999976][0.0023111955; 0.00014162033; 0.00042595924][0.74409294; -0.059264779; -0.66544211]
[1, 0.00021108935, 0.0001686459;
  -0.00021119835, 1, 0.00066605594;
  -0.00016846474, -0.0006661127, 0.99999976][0.0023111955; 0.00014162033; 0.00042595924][0.74409294; -0.059264779; -0.66544211]
5--------------------
plane[0.74409294; -0.059264779; -0.66544211]
[1, 0.00021108935, 0.0001686459;
  -0.00021119835, 1, 0.00066605594;
  -0.00016846474, -0.0006661127, 0.99999976]
[0.0023111955, 0.00014162033, 0.00042595924]
rrrrrrrrrrrrrrrrrrrrrrrrr
 4.95137e-07 -2.29936e-07  0.000278482
  -1.53452   0.571318 0.00123017
Newone
[1.0023284, -0.00032600921, -1.378432;
  -0.0006442992, 0.99834728, 0.61810082;
  -1.2513127e-06, -2.5755207e-07, 1]
[0.99999845, -0.0017352435, -0.00025027277;
  0.0017352065, 0.99999845, -0.00026193046;
  0.0002506467, 0.00026148834, 1][0.0038130123; -0.0023235921; -0.0010144793][0.89457023; 0.39086926; -0.21671483]
[0.99999833, 0.0018359947, -0.00016786376;
  -0.001835866, 0.99999809, 0.0006391643;
  0.00016896248, -0.0006388647, 0.99999988][-0.004096542; -0.0017893995; 0.00099181838][-0.83269489; 0.50736076; 0.22182018]
